  2.000000000000000E-003  2.000000000000000E-003 -0.236584773136527     
  2.000000000000000E-003  0.302332916666667      -0.239305491312498     
  2.000000000000000E-003  0.602665833333333      -0.228483221536389     
  2.000000000000000E-003  0.902998750000000      -0.215507717966281     
  2.000000000000000E-003   1.20333166666667      -0.202147585252957     
  2.000000000000000E-003   1.50366458333333      -0.189371096526267     
  2.000000000000000E-003   1.80399750000000      -0.177981789789424     
  2.000000000000000E-003   2.10433041666667      -0.168824028363680     
  2.000000000000000E-003   2.40466333333333      -0.161560708817447     
  2.000000000000000E-003   2.70499625000000      -0.156042734282777     
  2.000000000000000E-003   3.00532916666667      -0.150967011089992     
  2.000000000000000E-003   3.30566208333333      -0.143812127632319     
  2.000000000000000E-003   3.60599500000000      -0.135441541148646     
  2.000000000000000E-003   3.90632791666667      -0.127620351148031     
  2.000000000000000E-003   4.20666083333333      -0.119272882217061     
  2.000000000000000E-003   4.50699375000000      -0.109908231163612     
  2.000000000000000E-003   4.80732666666667      -0.101076015729807     
  2.000000000000000E-003   5.10765958333333      -9.357077488292585E-002
  2.000000000000000E-003   5.40799250000000      -8.742832389788824E-002
  2.000000000000000E-003   5.70832541666667      -8.226074189885994E-002
  2.000000000000000E-003   6.00865833333333      -7.812785728981572E-002
  2.000000000000000E-003   6.30899125000000      -7.492505461883375E-002
  2.000000000000000E-003   6.60932416666667      -7.233089652009832E-002
  2.000000000000000E-003   6.90965708333333      -6.910474359599469E-002
  2.000000000000000E-003   7.20999000000000      -6.487695522045833E-002
  0.302332916666667       2.000000000000000E-003 -0.286380239291564     
  0.302332916666667       0.302332916666667      -0.257639041943770     
  0.302332916666667       0.602665833333333      -0.241659593219215     
  0.302332916666667       0.902998750000000      -0.231689599105038     
  0.302332916666667        1.20333166666667      -0.219066015164020     
  0.302332916666667        1.50366458333333      -0.205701178230518     
  0.302332916666667        1.80399750000000      -0.193303133901868     
  0.302332916666667        2.10433041666667      -0.182796871748617     
  0.302332916666667        2.40466333333333      -0.174102933898482     
  0.302332916666667        2.70499625000000      -0.167042377958368     
  0.302332916666667        3.00532916666667      -0.160155644674823     
  0.302332916666667        3.30566208333333      -0.151029993321575     
  0.302332916666667        3.60599500000000      -0.139544590743310     
  0.302332916666667        3.90632791666667      -0.130004746432031     
  0.302332916666667        4.20666083333333      -0.121726495831807     
  0.302332916666667        4.50699375000000      -0.113045799270618     
  0.302332916666667        4.80732666666667      -0.104646479526962     
  0.302332916666667        5.10765958333333      -9.721983355800710E-002
  0.302332916666667        5.40799250000000      -9.087783989400447E-002
  0.302332916666667        5.70832541666667      -8.553781246988840E-002
  0.302332916666667        6.00865833333333      -8.096247283943196E-002
  0.302332916666667        6.30899125000000      -7.704927685313273E-002
  0.302332916666667        6.60932416666667      -7.361322549513863E-002
  0.302332916666667        6.90965708333333      -7.004785840989036E-002
  0.302332916666667        7.20999000000000      -6.477449116986109E-002
  0.602665833333333       2.000000000000000E-003 -0.315821325182604     
  0.602665833333333       0.302332916666667      -0.291547133273085     
  0.602665833333333       0.602665833333333      -0.265512512078296     
  0.602665833333333       0.902998750000000      -0.250858346967050     
  0.602665833333333        1.20333166666667      -0.237343196706768     
  0.602665833333333        1.50366458333333      -0.223323037122009     
  0.602665833333333        1.80399750000000      -0.209819077820094     
  0.602665833333333        2.10433041666667      -0.197709377698102     
  0.602665833333333        2.40466333333333      -0.187008735883398     
  0.602665833333333        2.70499625000000      -0.177594201620472     
  0.602665833333333        3.00532916666667      -0.168113557934139     
  0.602665833333333        3.30566208333333      -0.156937114328476     
  0.602665833333333        3.60599500000000      -0.144473312574796     
  0.602665833333333        3.90632791666667      -0.133570243237624     
  0.602665833333333        4.20666083333333      -0.124542295030948     
  0.602665833333333        4.50699375000000      -0.116123584772668     
  0.602665833333333        4.80732666666667      -0.108160295163425     
  0.602665833333333        5.10765958333333      -0.100834661715282     
  0.602665833333333        5.40799250000000      -9.428736333298249E-002
  0.602665833333333        5.70832541666667      -8.856913399120898E-002
  0.602665833333333        6.00865833333333      -8.353455952244351E-002
  0.602665833333333        6.30899125000000      -7.908858830058201E-002
  0.602665833333333        6.60932416666667      -7.506846802132482E-002
  0.602665833333333        6.90965708333333      -7.049290803694140E-002
  0.602665833333333        7.20999000000000      -6.443454815671854E-002
  0.902998750000000       2.000000000000000E-003 -0.322569544569984     
  0.902998750000000       0.302332916666667      -0.310781565671376     
  0.902998750000000       0.602665833333333      -0.290966384203214     
  0.902998750000000       0.902998750000000      -0.273929800768587     
  0.902998750000000        1.20333166666667      -0.258337018974794     
  0.902998750000000        1.50366458333333      -0.242777134707140     
  0.902998750000000        1.80399750000000      -0.227593958760479     
  0.902998750000000        2.10433041666667      -0.213456682889687     
  0.902998750000000        2.40466333333333      -0.200453802138787     
  0.902998750000000        2.70499625000000      -0.188374585577970     
  0.902998750000000        3.00532916666667      -0.176515184811853     
  0.902998750000000        3.30566208333333      -0.163917631197968     
  0.902998750000000        3.60599500000000      -0.150992414947200     
  0.902998750000000        3.90632791666667      -0.139197690732924     
  0.902998750000000        4.20666083333333      -0.129105861267374     
  0.902998750000000        4.50699375000000      -0.120258056424350     
  0.902998750000000        4.80732666666667      -0.112103756296886     
  0.902998750000000        5.10765958333333      -0.104553361309825     
  0.902998750000000        5.40799250000000      -9.767715927232867E-002
  0.902998750000000        5.70832541666667      -9.149510887898969E-002
  0.902998750000000        6.00865833333333      -8.594993804771207E-002
  0.902998750000000        6.30899125000000      -8.094762898225905E-002
  0.902998750000000        6.60932416666667      -7.627785704136249E-002
  0.902998750000000        6.90965708333333      -7.147410338638513E-002
  0.902998750000000        7.20999000000000      -6.605457472959926E-002
   1.20333166666667       2.000000000000000E-003 -0.339294969618942     
   1.20333166666667       0.302332916666667      -0.333037853611578     
   1.20333166666667       0.602665833333333      -0.318625134925057     
   1.20333166666667       0.902998750000000      -0.301448654840947     
   1.20333166666667        1.20333166666667      -0.283339664278925     
   1.20333166666667        1.50366458333333      -0.264925147991931     
   1.20333166666667        1.80399750000000      -0.246875343076860     
   1.20333166666667        2.10433041666667      -0.229995174436770     
   1.20333166666667        2.40466333333333      -0.214383004741428     
   1.20333166666667        2.70499625000000      -0.199723665207690     
   1.20333166666667        3.00532916666667      -0.185594014892020     
   1.20333166666667        3.30566208333333      -0.171673504509602     
   1.20333166666667        3.60599500000000      -0.158123478614422     
   1.20333166666667        3.90632791666667      -0.145670024123776     
   1.20333166666667        4.20666083333333      -0.134744747162674     
   1.20333166666667        4.50699375000000      -0.125085829966278     
   1.20333166666667        4.80732666666667      -0.116341902864526     
   1.20333166666667        5.10765958333333      -0.108328715865738     
   1.20333166666667        5.40799250000000      -0.100961945820367     
   1.20333166666667        5.70832541666667      -9.421266729062054E-002
   1.20333166666667        6.00865833333333      -8.808322887547311E-002
   1.20333166666667        6.30899125000000      -8.245882831685572E-002
   1.20333166666667        6.60932416666667      -7.727812675980747E-002
   1.20333166666667        6.90965708333333      -7.229604842487551E-002
   1.20333166666667        7.20999000000000      -6.743143963424948E-002
   1.50366458333333       2.000000000000000E-003 -0.379472767946553     
   1.50366458333333       0.302332916666667      -0.375045591690787     
   1.50366458333333       0.602665833333333      -0.360009637286450     
   1.50366458333333       0.902998750000000      -0.339165674086583     
   1.50366458333333        1.20333166666667      -0.315620606515113     
   1.50366458333333        1.50366458333333      -0.291454216108041     
   1.50366458333333        1.80399750000000      -0.268353122437011     
   1.50366458333333        2.10433041666667      -0.247390411620884     
   1.50366458333333        2.40466333333333      -0.228529237999674     
   1.50366458333333        2.70499625000000      -0.211241556630628     
   1.50366458333333        3.00532916666667      -0.195010990819736     
   1.50366458333333        3.30566208333333      -0.179608858976754     
   1.50366458333333        3.60599500000000      -0.165164500786942     
   1.50366458333333        3.90632791666667      -0.152000129998052     
   1.50366458333333        4.20666083333333      -0.140292401019005     
   1.50366458333333        4.50699375000000      -0.129912175889433     
   1.50366458333333        4.80732666666667      -0.120568228994676     
   1.50366458333333        5.10765958333333      -0.111994406338972     
   1.50366458333333        5.40799250000000      -0.104035601710877     
   1.50366458333333        5.70832541666667      -9.664689239492572E-002
   1.50366458333333        6.00865833333333      -8.983530482983704E-002
   1.50366458333333        6.30899125000000      -8.361352116996977E-002
   1.50366458333333        6.60932416666667      -7.793184196822565E-002
   1.50366458333333        6.90965708333333      -7.267426989431187E-002
   1.50366458333333        7.20999000000000      -6.896268633856902E-002
   1.80399750000000       2.000000000000000E-003 -0.456890735815909     
   1.80399750000000       0.302332916666667      -0.449248371760925     
   1.80399750000000       0.602665833333333      -0.426599684963349     
   1.80399750000000       0.902998750000000      -0.394906313765748     
   1.80399750000000        1.20333166666667      -0.359304391548366     
   1.80399750000000        1.50366458333333      -0.324292991356600     
   1.80399750000000        1.80399750000000      -0.292834662494293     
   1.80399750000000        2.10433041666667      -0.265782403167783     
   1.80399750000000        2.40466333333333      -0.242624720893521     
   1.80399750000000        2.70499625000000      -0.222333976728886     
   1.80399750000000        3.00532916666667      -0.204001715049248     
   1.80399750000000        3.30566208333333      -0.187144855715264     
   1.80399750000000        3.60599500000000      -0.171692915652964     
   1.80399750000000        3.90632791666667      -0.157761946255299     
   1.80399750000000        4.20666083333333      -0.145389317617751     
   1.80399750000000        4.50699375000000      -0.134405791410137     
   1.80399750000000        4.80732666666667      -0.124497194365704     
   1.80399750000000        5.10765958333333      -0.115355295855932     
   1.80399750000000        5.40799250000000      -0.106793374006351     
   1.80399750000000        5.70832541666667      -9.876730698972333E-002
   1.80399750000000        6.00865833333333      -9.131735894289901E-002
   1.80399750000000        6.30899125000000      -8.449072780183110E-002
   1.80399750000000        6.60932416666667      -7.828553245574590E-002
   1.80399750000000        6.90965708333333      -7.270600194489593E-002
   1.80399750000000        7.20999000000000      -6.832996512250369E-002
   2.10433041666667       2.000000000000000E-003 -0.585728199174225     
   2.10433041666667       0.302332916666667      -0.570233231788115     
   2.10433041666667       0.602665833333333      -0.529064918198007     
   2.10433041666667       0.902998750000000      -0.474118461619951     
   2.10433041666667        1.20333166666667      -0.416889481114451     
   2.10433041666667        1.50366458333333      -0.364750917578309     
   2.10433041666667        1.80399750000000      -0.320815522998882     
   2.10433041666667        2.10433041666667      -0.285201210802538     
   2.10433041666667        2.40466333333333      -0.256436273148658     
   2.10433041666667        2.70499625000000      -0.232594088942493     
   2.10433041666667        3.00532916666667      -0.212045767574729     
   2.10433041666667        3.30566208333333      -0.193791256586534     
   2.10433041666667        3.60599500000000      -0.177409845773417     
   2.10433041666667        3.90632791666667      -0.162788731435258     
   2.10433041666667        4.20666083333333      -0.149835333513248     
   2.10433041666667        4.50699375000000      -0.138321616082972     
   2.10433041666667        4.80732666666667      -0.127903095965443     
   2.10433041666667        5.10765958333333      -0.118245226922697     
   2.10433041666667        5.40799250000000      -0.109143504341476     
   2.10433041666667        5.70832541666667      -0.100555045905436     
   2.10433041666667        6.00865833333333      -9.254049662669279E-002
   2.10433041666667        6.30899125000000      -8.517698023302304E-002
   2.10433041666667        6.60932416666667      -7.850747691599745E-002
   2.10433041666667        6.90965708333333      -7.257337726855098E-002
   2.10433041666667        7.20999000000000      -6.742344349084034E-002
   2.40466333333333       2.000000000000000E-003 -0.787809347801664     
   2.40466333333333       0.302332916666667      -0.756780951711988     
   2.40466333333333       0.602665833333333      -0.677799559945248     
   2.40466333333333       0.902998750000000      -0.581507644962032     
   2.40466333333333        1.20333166666667      -0.489980861765761     
   2.40466333333333        1.50366458333333      -0.412838998699633     
   2.40466333333333        1.80399750000000      -0.351888641672614     
   2.40466333333333        2.10433041666667      -0.305238389625690     
   2.40466333333333        2.40466333333333      -0.269630594231860     
   2.40466333333333        2.70499625000000      -0.241734218025468     
   2.40466333333333        3.00532916666667      -0.218870809582665     
   2.40466333333333        3.30566208333333      -0.199298824310720     
   2.40466333333333        3.60599500000000      -0.182112117550270     
   2.40466333333333        3.90632791666667      -0.166912254173857     
   2.40466333333333        4.20666083333333      -0.153467112706958     
   2.40466333333333        4.50699375000000      -0.141497865070721     
   2.40466333333333        4.80732666666667      -0.130644568796357     
   2.40466333333333        5.10765958333333      -0.120561014423110     
   2.40466333333333        5.40799250000000      -0.111028926830477     
   2.40466333333333        5.70832541666667      -0.101994883158972     
   2.40466333333333        6.00865833333333      -9.351468771361303E-002
   2.40466333333333        6.30899125000000      -8.566551010973296E-002
   2.40466333333333        6.60932416666667      -7.851072898995386E-002
   2.40466333333333        6.90965708333333      -7.215928333393257E-002
   2.40466333333333        7.20999000000000      -6.678398893589467E-002
   2.70499625000000       2.000000000000000E-003  -1.07368712418418     
   2.70499625000000       0.302332916666667       -1.02067718192220     
   2.70499625000000       0.602665833333333      -0.885585434972124     
   2.70499625000000       0.902998750000000      -0.721192825789520     
   2.70499625000000        1.20333166666667      -0.576634043568577     
   2.70499625000000        1.50366458333333      -0.465837135148889     
   2.70499625000000        1.80399750000000      -0.384044165439246     
   2.70499625000000        2.10433041666667      -0.324706206895325     
   2.70499625000000        2.40466333333333      -0.281599409084025     
   2.70499625000000        2.70499625000000      -0.249469467432324     
   2.70499625000000        3.00532916666667      -0.224336443073912     
   2.70499625000000        3.30566208333333      -0.203574758182466     
   2.70499625000000        3.60599500000000      -0.185716608389117     
   2.70499625000000        3.90632791666667      -0.170052239018421     
   2.70499625000000        4.20666083333333      -0.156210643758237     
   2.70499625000000        4.50699375000000      -0.143872557767361     
   2.70499625000000        4.80732666666667      -0.132675904565582     
   2.70499625000000        5.10765958333333      -0.122273877227513     
   2.70499625000000        5.40799250000000      -0.112435563889556     
   2.70499625000000        5.70832541666667      -0.103082493939458     
   2.70499625000000        6.00865833333333      -9.423283351723941E-002
   2.70499625000000        6.30899125000000      -8.590272116681034E-002
   2.70499625000000        6.60932416666667      -7.822419617953449E-002
   2.70499625000000        6.90965708333333      -7.153553341385657E-002
   2.70499625000000        7.20999000000000      -6.606446032610892E-002
   3.00532916666667       2.000000000000000E-003  -1.38815203262921     
   3.00532916666667       0.302332916666667       -1.31203736331484     
   3.00532916666667       0.602665833333333       -1.11546101784124     
   3.00532916666667       0.902998750000000      -0.877236485747047     
   3.00532916666667        1.20333166666667      -0.667012043662533     
   3.00532916666667        1.50366458333333      -0.516887859950648     
   3.00532916666667        1.80399750000000      -0.413285897913682     
   3.00532916666667        2.10433041666667      -0.341532482744640     
   3.00532916666667        2.40466333333333      -0.291399281099700     
   3.00532916666667        2.70499625000000      -0.255442218060476     
   3.00532916666667        3.00532916666667      -0.228341139488330     
   3.00532916666667        3.30566208333333      -0.206601409542954     
   3.00532916666667        3.60599500000000      -0.188222198487287     
   3.00532916666667        3.90632791666667      -0.172212433364555     
   3.00532916666667        4.20666083333333      -0.158079639098279     
   3.00532916666667        4.50699375000000      -0.145471980899966     
   3.00532916666667        4.80732666666667      -0.134031587534132     
   3.00532916666667        5.10765958333333      -0.123417084399534     
   3.00532916666667        5.40799250000000      -0.113386253757316     
   3.00532916666667        5.70832541666667      -0.103827081251757     
   3.00532916666667        6.00865833333333      -9.469304445321880E-002
   3.00532916666667        6.30899125000000      -8.597050613018455E-002
   3.00532916666667        6.60932416666667      -7.796537909837739E-002
   3.00532916666667        6.90965708333333      -7.099698087391645E-002
   3.00532916666667        7.20999000000000      -6.546600507110284E-002
   3.30566208333333       2.000000000000000E-003  -1.61295191878625     
   3.30566208333333       0.302332916666667       -1.52620385589710     
   3.30566208333333       0.602665833333333       -1.29606527174846     
   3.30566208333333       0.902998750000000       -1.00141611851470     
   3.30566208333333        1.20333166666667      -0.739865998093245     
   3.30566208333333        1.50366458333333      -0.555146227784331     
   3.30566208333333        1.80399750000000      -0.434199166608384     
   3.30566208333333        2.10433041666667      -0.353133582436353     
   3.30566208333333        2.40466333333333      -0.297910786361695     
   3.30566208333333        2.70499625000000      -0.259248274412101     
   3.30566208333333        3.00532916666667      -0.230787180509147     
   3.30566208333333        3.30566208333333      -0.208388377857752     
   3.30566208333333        3.60599500000000      -0.189670301022202     
   3.30566208333333        3.90632791666667      -0.173448939862153     
   3.30566208333333        4.20666083333333      -0.159142013476323     
   3.30566208333333        4.50699375000000      -0.146372253765613     
   3.30566208333333        4.80732666666667      -0.134788414842705     
   3.30566208333333        5.10765958333333      -0.124055923165805     
   3.30566208333333        5.40799250000000      -0.113924113461685     
   3.30566208333333        5.70832541666667      -0.104251651520010     
   3.30566208333333        6.00865833333333      -9.493013358985720E-002
   3.30566208333333        6.30899125000000      -8.603362098242821E-002
   3.30566208333333        6.60932416666667      -7.787680790965998E-002
   3.30566208333333        6.90965708333333      -7.089210120277070E-002
   3.30566208333333        7.20999000000000      -6.538998605017929E-002
   3.60599500000000       2.000000000000000E-003  -1.77584075856724     
   3.60599500000000       0.302332916666667       -1.59684056451449     
   3.60599500000000       0.602665833333333       -1.36148407999788     
   3.60599500000000       0.902998750000000       -1.04858209191373     
   3.60599500000000        1.20333166666667      -0.767944967759451     
   3.60599500000000        1.50366458333333      -0.569501535957453     
   3.60599500000000        1.80399750000000      -0.441834247936179     
   3.60599500000000        2.10433041666667      -0.357283569830838     
   3.60599500000000        2.40466333333333      -0.300193179025353     
   3.60599500000000        2.70499625000000      -0.260549836721970     
   3.60599500000000        3.00532916666667      -0.231599592638479     
   3.60599500000000        3.30566208333333      -0.208964698962310     
   3.60599500000000        3.60599500000000      -0.190126847751396     
   3.60599500000000        3.90632791666667      -0.173835942592660     
   3.60599500000000        4.20666083333333      -0.159473322364178     
   3.60599500000000        4.50699375000000      -0.146650718443491     
   3.60599500000000        4.80732666666667      -0.135020592807755     
   3.60599500000000        5.10765958333333      -0.124251540759597     
   3.60599500000000        5.40799250000000      -0.114089511543619     
   3.60599500000000        5.70832541666667      -0.104381279672950     
   3.60599500000000        6.00865833333333      -9.499913302669546E-002
   3.60599500000000        6.30899125000000      -8.605828599412822E-002
   3.60599500000000        6.60932416666667      -7.790031003245705E-002
   3.60599500000000        6.90965708333333      -7.116811692711181E-002
   3.60599500000000        7.20999000000000      -6.607680954123944E-002
   3.90632791666667       2.000000000000000E-003  -1.61295256469934     
   3.90632791666667       0.302332916666667       -1.52587790609083     
   3.90632791666667       0.602665833333333       -1.29576687975265     
   3.90632791666667       0.902998750000000       -1.00123222163256     
   3.90632791666667        1.20333166666667      -0.739766460516607     
   3.90632791666667        1.50366458333333      -0.555086470589150     
   3.90632791666667        1.80399750000000      -0.434154539632091     
   3.90632791666667        2.10433041666667      -0.353095190607877     
   3.90632791666667        2.40466333333333      -0.297874568446955     
   3.90632791666667        2.70499625000000      -0.259212241722889     
   3.90632791666667        3.00532916666667      -0.230750539286716     
   3.90632791666667        3.30566208333333      -0.208351224397633     
   3.90632791666667        3.60599500000000      -0.189633316503021     
   3.90632791666667        3.90632791666667      -0.173412967231424     
   3.90632791666667        4.20666083333333      -0.159107826177490     
   3.90632791666667        4.50699375000000      -0.146340380286876     
   3.90632791666667        4.80732666666667      -0.134758991580320     
   3.90632791666667        5.10765958333333      -0.124028785131361     
   3.90632791666667        5.40799250000000      -0.113898775916615     
   3.90632791666667        5.70832541666667      -0.104227169887590     
   3.90632791666667        6.00865833333333      -9.490378469406052E-002
   3.90632791666667        6.30899125000000      -8.600072631389963E-002
   3.90632791666667        6.60932416666667      -7.783452964187869E-002
   3.90632791666667        6.90965708333333      -7.085420835944761E-002
   3.90632791666667        7.20999000000000      -6.541255898580686E-002
   4.20666083333333       2.000000000000000E-003  -1.38815738885746     
   4.20666083333333       0.302332916666667       -1.31174106846620     
   4.20666083333333       0.602665833333333       -1.11512631829351     
   4.20666083333333       0.902998750000000      -0.876998718928526     
   4.20666083333333        1.20333166666667      -0.666869101336856     
   4.20666083333333        1.50366458333333      -0.516790521537225     
   4.20666083333333        1.80399750000000      -0.413207531256992     
   4.20666083333333        2.10433041666667      -0.341461169096983     
   4.20666083333333        2.40466333333333      -0.291329017605627     
   4.20666083333333        2.70499625000000      -0.255370428191051     
   4.20666083333333        3.00532916666667      -0.228267480671475     
   4.20666083333333        3.30566208333333      -0.206526985530728     
   4.20666083333333        3.60599500000000      -0.188148586953382     
   4.20666083333333        3.90632791666667      -0.172141106367504     
   4.20666083333333        4.20666083333333      -0.158011725527386     
   4.20666083333333        4.50699375000000      -0.145408169014686     
   4.20666083333333        4.80732666666667      -0.133972161013435     
   4.20666083333333        5.10765958333333      -0.123361993445482     
   4.20666083333333        5.40799250000000      -0.113335109039789     
   4.20666083333333        5.70832541666667      -0.103779090830268     
   4.20666083333333        6.00865833333333      -9.464624181633575E-002
   4.20666083333333        6.30899125000000      -8.592131059572430E-002
   4.20666083333333        6.60932416666667      -7.791748492026170E-002
   4.20666083333333        6.90965708333333      -7.097340133058201E-002
   4.20666083333333        7.20999000000000      -6.550454471646763E-002
   4.50699375000000       2.000000000000000E-003  -1.07369382018486     
   4.50699375000000       0.302332916666667       -1.02050052764170     
   4.50699375000000       0.602665833333333      -0.885353447489223     
   4.50699375000000       0.902998750000000      -0.721004905888682     
   4.50699375000000        1.20333166666667      -0.576497250574045     
   4.50699375000000        1.50366458333333      -0.465728280399967     
   4.50699375000000        1.80399750000000      -0.383946255417747     
   4.50699375000000        2.10433041666667      -0.324608678600098     
   4.50699375000000        2.40466333333333      -0.281496943256125     
   4.50699375000000        2.70499625000000      -0.249361156310729     
   4.50699375000000        3.00532916666667      -0.224224492217286     
   4.50699375000000        3.30566208333333      -0.203462555888454     
   4.50699375000000        3.60599500000000      -0.185607035675019     
   4.50699375000000        3.90632791666667      -0.169946810856709     
   4.50699375000000        4.20666083333333      -0.156109966584390     
   4.50699375000000        4.50699375000000      -0.143776863904880     
   4.50699375000000        4.80732666666667      -0.132585539187726     
   4.50699375000000        5.10765958333333      -0.122189446553641     
   4.50699375000000        5.40799250000000      -0.112357572983123     
   4.50699375000000        5.70832541666667      -0.103011267683617     
   4.50699375000000        6.00865833333333      -9.416856237422819E-002
   4.50699375000000        6.30899125000000      -8.584616182702472E-002
   4.50699375000000        6.60932416666667      -7.818150828748680E-002
   4.50699375000000        6.90965708333333      -7.152294334638636E-002
   4.50699375000000        7.20999000000000      -6.609656922038318E-002
   4.80732666666667       2.000000000000000E-003 -0.787814433325685     
   4.80732666666667       0.302332916666667      -0.756693165953208     
   4.80732666666667       0.602665833333333      -0.677671606343998     
   4.80732666666667       0.902998750000000      -0.581382227339154     
   4.80732666666667        1.20333166666667      -0.489868996696890     
   4.80732666666667        1.50366458333333      -0.412734289082827     
   4.80732666666667        1.80399750000000      -0.351780192541035     
   4.80732666666667        2.10433041666667      -0.305117642299754     
   4.80732666666667        2.40466333333333      -0.269494628161734     
   4.80732666666667        2.70499625000000      -0.241586264889166     
   4.80732666666667        3.00532916666667      -0.218717837080848     
   4.80732666666667        3.30566208333333      -0.199147908208195     
   4.80732666666667        3.60599500000000      -0.181967516713624     
   4.80732666666667        3.90632791666667      -0.166774754786277     
   4.80732666666667        4.20666083333333      -0.153335358098541     
   4.80732666666667        4.50699375000000      -0.141370758748493     
   4.80732666666667        4.80732666666667      -0.130522574783984     
   4.80732666666667        5.10765958333333      -0.120445937737691     
   4.80732666666667        5.40799250000000      -0.110922939788186     
   4.80732666666667        5.70832541666667      -0.101899741977140     
   4.80732666666667        6.00865833333333      -9.343189686981349E-002
   4.80732666666667        6.30899125000000      -8.559759475543248E-002
   4.80732666666667        6.60932416666667      -7.846301505537298E-002
   4.80732666666667        6.90965708333333      -7.214003811031511E-002
   4.80732666666667        7.20999000000000      -6.679725193736763E-002
   5.10765958333333       2.000000000000000E-003 -0.585730950548367     
   5.10765958333333       0.302332916666667      -0.570189132915095     
   5.10765958333333       0.602665833333333      -0.528991616141647     
   5.10765958333333       0.902998750000000      -0.474034564608805     
   5.10765958333333        1.20333166666667      -0.416801467102031     
   5.10765958333333        1.50366458333333      -0.364653066839563     
   5.10765958333333        1.80399750000000      -0.320697029666439     
   5.10765958333333        2.10433041666667      -0.285054277499794     
   5.10765958333333        2.40466333333333      -0.256261423872983     
   5.10765958333333        2.70499625000000      -0.232400548170808     
   5.10765958333333        3.00532916666667      -0.211847441662429     
   5.10765958333333        3.30566208333333      -0.193600354232737     
   5.10765958333333        3.60599500000000      -0.177231877088760     
   5.10765958333333        3.90632791666667      -0.162622079387470     
   5.10765958333333        4.20666083333333      -0.149675069910910     
   5.10765958333333        4.50699375000000      -0.138164422997567     
   5.10765958333333        4.80732666666667      -0.127749591724223     
   5.10765958333333        5.10765958333333      -0.118099242590205     
   5.10765958333333        5.40799250000000      -0.109009456568008     
   5.10765958333333        5.70832541666667      -0.100435955747745     
   5.10765958333333        6.00865833333333      -9.243785846897383E-002
   5.10765958333333        6.30899125000000      -8.509250159690177E-002
   5.10765958333333        6.60932416666667      -7.844480652850754E-002
   5.10765958333333        6.90965708333333      -7.253730682792700E-002
   5.10765958333333        7.20999000000000      -6.741574770742080E-002
   5.40799250000000       2.000000000000000E-003 -0.456892406155711     
   5.40799250000000       0.302332916666667      -0.449219848840638     
   5.40799250000000       0.602665833333333      -0.426550540420969     
   5.40799250000000       0.902998750000000      -0.394845320029598     
   5.40799250000000        1.20333166666667      -0.359231215443076     
   5.40799250000000        1.50366458333333      -0.324196812809289     
   5.40799250000000        1.80399750000000      -0.292700730196185     
   5.40799250000000        2.10433041666667      -0.265602276170106     
   5.40799250000000        2.40466333333333      -0.242402576586293     
   5.40799250000000        2.70499625000000      -0.222086823806960     
   5.40799250000000        3.00532916666667      -0.203752686412434     
   5.40799250000000        3.30566208333333      -0.186912945613624     
   5.40799250000000        3.60599500000000      -0.171484604989917     
   5.40799250000000        3.90632791666667      -0.157570873596815     
   5.40799250000000        4.20666083333333      -0.145204448467019     
   5.40799250000000        4.50699375000000      -0.134220665646928     
   5.40799250000000        4.80732666666667      -0.124313457433567     
   5.40799250000000        5.10765958333333      -0.115179996507768     
   5.40799250000000        5.40799250000000      -0.106633756966548     
   5.40799250000000        5.70832541666667      -9.862703826178509E-002
   5.40799250000000        6.00865833333333      -9.119615343046596E-002
   5.40799250000000        6.30899125000000      -8.438767156674959E-002
   5.40799250000000        6.60932416666667      -7.820311967766211E-002
   5.40799250000000        6.90965708333333      -7.265007466820582E-002
   5.40799250000000        7.20999000000000      -6.830457724811366E-002
   5.70832541666667       2.000000000000000E-003 -0.379475041185246     
   5.70832541666667       0.302332916666667      -0.375015415637140     
   5.70832541666667       0.602665833333333      -0.359961573805333     
   5.70832541666667       0.902998750000000      -0.339110685666531     
   5.70832541666667        1.20333166666667      -0.315554059371880     
   5.70832541666667        1.50366458333333      -0.291354896321952     
   5.70832541666667        1.80399750000000      -0.268198515828168     
   5.70832541666667        2.10433041666667      -0.247169995818062     
   5.70832541666667        2.40466333333333      -0.228250738770885     
   5.70832541666667        2.70499625000000      -0.210930568647185     
   5.70832541666667        3.00532916666667      -0.194703149131147     
   5.70832541666667        3.30566208333333      -0.179334353942379     
   5.70832541666667        3.60599500000000      -0.164931883203380     
   5.70832541666667        3.90632791666667      -0.151793062883681     
   5.70832541666667        4.20666083333333      -0.140088254747024     
   5.70832541666667        4.50699375000000      -0.129701207437825     
   5.70832541666667        4.80732666666667      -0.120355792788284     
   5.70832541666667        5.10765958333333      -0.111793142798306     
   5.70832541666667        5.40799250000000      -0.103856354562499     
   5.70832541666667        5.70832541666667      -9.649320918395708E-002
   5.70832541666667        6.00865833333333      -8.970190609248206E-002
   5.70832541666667        6.30899125000000      -8.349411819373774E-002
   5.70832541666667        6.60932416666667      -7.782756579607100E-002
   5.70832541666667        6.90965708333333      -7.259402478759125E-002
   5.70832541666667        7.20999000000000      -6.891478118095329E-002
   6.00865833333333       2.000000000000000E-003 -0.339293716963878     
   6.00865833333333       0.302332916666667      -0.332998958449987     
   6.00865833333333       0.602665833333333      -0.318568299591710     
   6.00865833333333       0.902998750000000      -0.301393446251083     
   6.00865833333333        1.20333166666667      -0.283284853411876     
   6.00865833333333        1.50366458333333      -0.264826458372933     
   6.00865833333333        1.80399750000000      -0.246701759875497     
   6.00865833333333        2.10433041666667      -0.229731739749715     
   6.00865833333333        2.40466333333333      -0.214038811973057     
   6.00865833333333        2.70499625000000      -0.199331288090807     
   6.00865833333333        3.00532916666667      -0.185206642950204     
   6.00865833333333        3.30566208333333      -0.171348278175404     
   6.00865833333333        3.60599500000000      -0.157884278035391     
   6.00865833333333        3.90632791666667      -0.145466374617917     
   6.00865833333333        4.20666083333333      -0.134528316523408     
   6.00865833333333        4.50699375000000      -0.124847384981460     
   6.00865833333333        4.80732666666667      -0.116099449337719     
   6.00865833333333        5.10765958333333      -0.108105086655233     
   6.00865833333333        5.40799250000000      -0.100772670764316     
   6.00865833333333        5.70832541666667      -9.405934570983659E-002
   6.00865833333333        6.00865833333333      -8.795817616649132E-002
   6.00865833333333        6.30899125000000      -8.233538877350197E-002
   6.00865833333333        6.60932416666667      -7.715770069073472E-002
   6.00865833333333        6.90965708333333      -7.218893077609961E-002
   6.00865833333333        7.20999000000000      -6.735516323068350E-002
   6.30899125000000       2.000000000000000E-003 -0.322567497533492     
   6.30899125000000       0.302332916666667      -0.310738877323269     
   6.30899125000000       0.602665833333333      -0.290903534140022     
   6.30899125000000       0.902998750000000      -0.273884717973042     
   6.30899125000000        1.20333166666667      -0.258297561554058     
   6.30899125000000        1.50366458333333      -0.242695683772770     
   6.30899125000000        1.80399750000000      -0.227414752909513     
   6.30899125000000        2.10433041666667      -0.213153830974566     
   6.30899125000000        2.40466333333333      -0.200032675973537     
   6.30899125000000        2.70499625000000      -0.187869731985719     
   6.30899125000000        3.00532916666667      -0.175990269223465     
   6.30899125000000        3.30566208333333      -0.163512320442493     
   6.30899125000000        3.60599500000000      -0.150749511161243     
   6.30899125000000        3.90632791666667      -0.139009232824025     
   6.30899125000000        4.20666083333333      -0.128873734285775     
   6.30899125000000        4.50699375000000      -0.119965982958546     
   6.30899125000000        4.80732666666667      -0.111820956721308     
   6.30899125000000        5.10765958333333      -0.104308644005571     
   6.30899125000000        5.40799250000000      -9.749083963315448E-002
   6.30899125000000        5.70832541666667      -9.136289991234220E-002
   6.30899125000000        6.00865833333333      -8.584206007123027E-002
   6.30899125000000        6.30899125000000      -8.083400904257128E-002
   6.30899125000000        6.60932416666667      -7.614522486528773E-002
   6.30899125000000        6.90965708333333      -7.133787174169817E-002
   6.30899125000000        7.20999000000000      -6.592909601228590E-002
   6.60932416666667       2.000000000000000E-003 -0.315818423126133     
   6.60932416666667       0.302332916666667      -0.291497445988082     
   6.60932416666667       0.602665833333333      -0.265423360116934     
   6.60932416666667       0.902998750000000      -0.250815102215431     
   6.60932416666667        1.20333166666667      -0.237339648466553     
   6.60932416666667        1.50366458333333      -0.223278195123449     
   6.60932416666667        1.80399750000000      -0.209653449898523     
   6.60932416666667        2.10433041666667      -0.197377757996565     
   6.60932416666667        2.40466333333333      -0.186501044491326     
   6.60932416666667        2.70499625000000      -0.176912001379676     
   6.60932416666667        3.00532916666667      -0.167426626562990     
   6.60932416666667        3.30566208333333      -0.156374383479532     
   6.60932416666667        3.60599500000000      -0.144187675069715     
   6.60932416666667        3.90632791666667      -0.133345381132429     
   6.60932416666667        4.20666083333333      -0.124168484578515     
   6.60932416666667        4.50699375000000      -0.115740211236082     
   6.60932416666667        4.80732666666667      -0.107811455727513     
   6.60932416666667        5.10765958333333      -0.100565494852393     
   6.60932416666667        5.40799250000000      -9.411556859672293E-002
   6.60932416666667        5.70832541666667      -8.847349906460600E-002
   6.60932416666667        6.00865833333333      -8.345513574357490E-002
   6.60932416666667        6.30899125000000      -7.895515048365051E-002
   6.60932416666667        6.60932416666667      -7.487527343774307E-002
   6.60932416666667        6.90965708333333      -7.030832388053224E-002
   6.60932416666667        7.20999000000000      -6.424637101265214E-002
   6.90965708333333       2.000000000000000E-003 -0.286378009979979     
   6.90965708333333       0.302332916666667      -0.257460526245705     
   6.90965708333333       0.602665833333333      -0.241413783497365     
   6.90965708333333       0.902998750000000      -0.231606714691442     
   6.90965708333333        1.20333166666667      -0.219088961420944     
   6.90965708333333        1.50366458333333      -0.205693419735295     
   6.90965708333333        1.80399750000000      -0.193159960730880     
   6.90965708333333        2.10433041666667      -0.182454976412553     
   6.90965708333333        2.40466333333333      -0.173527351627296     
   6.90965708333333        2.70499625000000      -0.166225689514814     
   6.90965708333333        3.00532916666667      -0.159207570987369     
   6.90965708333333        3.30566208333333      -0.150258865382368     
   6.90965708333333        3.60599500000000      -0.139134206531615     
   6.90965708333333        3.90632791666667      -0.129547153419056     
   6.90965708333333        4.20666083333333      -0.121156626532419     
   6.90965708333333        4.50699375000000      -0.112483684811450     
   6.90965708333333        4.80732666666667      -0.104201182117857     
   6.90965708333333        5.10765958333333      -9.692175300241905E-002
   6.90965708333333        5.40799250000000      -9.072116664706890E-002
   6.90965708333333        5.70832541666667      -8.547540723131318E-002
   6.90965708333333        6.00865833333333      -8.089284304984699E-002
   6.90965708333333        6.30899125000000      -7.682454794688116E-002
   6.90965708333333        6.60932416666667      -7.317151920729198E-002
   6.90965708333333        6.90965708333333      -6.970306378594281E-002
   6.90965708333333        7.20999000000000      -6.459133753005779E-002
   7.20999000000000       2.000000000000000E-003 -0.236581316250284     
   7.20999000000000       0.302332916666667      -0.238967688176471     
   7.20999000000000       0.602665833333333      -0.228045471451343     
   7.20999000000000       0.902998750000000      -0.215373816099086     
   7.20999000000000        1.20333166666667      -0.202194146688063     
   7.20999000000000        1.50366458333333      -0.189421518038395     
   7.20999000000000        1.80399750000000      -0.177865744994378     
   7.20999000000000        2.10433041666667      -0.168495991615732     
   7.20999000000000        2.40466333333333      -0.160983993714745     
   7.20999000000000        2.70499625000000      -0.155236919016214     
   7.20999000000000        3.00532916666667      -0.150026100587703     
   7.20999000000000        3.30566208333333      -0.142992264033853     
   7.20999000000000        3.60599500000000      -0.135009568228510     
   7.20999000000000        3.90632791666667      -0.126859366163640     
   7.20999000000000        4.20666083333333      -0.118419970157401     
   7.20999000000000        4.50699375000000      -0.109178148704860     
   7.20999000000000        4.80732666666667      -0.100553813118222     
   7.20999000000000        5.10765958333333      -9.324830469219290E-002
   7.20999000000000        5.40799250000000      -8.728845146681759E-002
   7.20999000000000        5.70832541666667      -8.226006310896986E-002
   7.20999000000000        6.00865833333333      -7.808259908579905E-002
   7.20999000000000        6.30899125000000      -7.462993683224750E-002
   7.20999000000000        6.60932416666667      -7.164473699883159E-002
   7.20999000000000        6.90965708333333      -6.856052015573920E-002
   7.20999000000000        7.20999000000000      -6.478100836181563E-002
