  2.000000000000000E-003  2.000000000000000E-003 -0.341555585199128     
  2.000000000000000E-003  0.302332916666667      -0.378422814114919     
  2.000000000000000E-003  0.602665833333333      -0.393056043363774     
  2.000000000000000E-003  0.902998750000000      -0.386699556905692     
  2.000000000000000E-003   1.20333166666667      -0.376621902911009     
  2.000000000000000E-003   1.50366458333333      -0.365936992734704     
  2.000000000000000E-003   1.80399750000000      -0.354373836953758     
  2.000000000000000E-003   2.10433041666667      -0.345340440691069     
  2.000000000000000E-003   2.40466333333333      -0.339451222407911     
  2.000000000000000E-003   2.70499625000000      -0.334025655367910     
  2.000000000000000E-003   3.00532916666667      -0.326549092136425     
  2.000000000000000E-003   3.30566208333333      -0.314156728383441     
  2.000000000000000E-003   3.60599500000000      -0.292836091801395     
  2.000000000000000E-003   3.90632791666667      -0.277584647023195     
  2.000000000000000E-003   4.20666083333333      -0.255164142990009     
  2.000000000000000E-003   4.50699375000000      -0.224030758915933     
  2.000000000000000E-003   4.80732666666667      -0.194786842100503     
  2.000000000000000E-003   5.10765958333333      -0.171778464875842     
  2.000000000000000E-003   5.40799250000000      -0.155223256188881     
  2.000000000000000E-003   5.70832541666667      -0.144333507451623     
  2.000000000000000E-003   6.00865833333333      -0.139262389263151     
  2.000000000000000E-003   6.30899125000000      -0.138726232565915     
  2.000000000000000E-003   6.60932416666667      -0.139440076905703     
  2.000000000000000E-003   6.90965708333333      -0.131213438866263     
  2.000000000000000E-003   7.20999000000000      -0.114988899107437     
  0.302332916666667       2.000000000000000E-003 -0.378455519213250     
  0.302332916666667       0.302332916666667      -0.354650069953293     
  0.302332916666667       0.602665833333333      -0.387534248754132     
  0.302332916666667       0.902998750000000      -0.411342924025128     
  0.302332916666667        1.20333166666667      -0.414513645393738     
  0.302332916666667        1.50366458333333      -0.407996478653562     
  0.302332916666667        1.80399750000000      -0.397654364903577     
  0.302332916666667        2.10433041666667      -0.386862226947730     
  0.302332916666667        2.40466333333333      -0.377828158426493     
  0.302332916666667        2.70499625000000      -0.366595036896741     
  0.302332916666667        3.00532916666667      -0.348684500060191     
  0.302332916666667        3.30566208333333      -0.324076935093367     
  0.302332916666667        3.60599500000000      -0.300672928435059     
  0.302332916666667        3.90632791666667      -0.283602103138577     
  0.302332916666667        4.20666083333333      -0.260376753068494     
  0.302332916666667        4.50699375000000      -0.230704065390487     
  0.302332916666667        4.80732666666667      -0.202322039418596     
  0.302332916666667        5.10765958333333      -0.179427592937455     
  0.302332916666667        5.40799250000000      -0.162248006024801     
  0.302332916666667        5.70832541666667      -0.150501666776959     
  0.302332916666667        6.00865833333333      -0.143269039075272     
  0.302332916666667        6.30899125000000      -0.139046817124212     
  0.302332916666667        6.60932416666667      -0.134129830928365     
  0.302332916666667        6.90965708333333      -0.124649803727854     
  0.302332916666667        7.20999000000000      -0.118395431372635     
  0.602665833333333       2.000000000000000E-003 -0.393137675519758     
  0.602665833333333       0.302332916666667      -0.387532450243691     
  0.602665833333333       0.602665833333333      -0.407296877593900     
  0.602665833333333       0.902998750000000      -0.437026965372474     
  0.602665833333333        1.20333166666667      -0.450512948670921     
  0.602665833333333        1.50366458333333      -0.449846098238578     
  0.602665833333333        1.80399750000000      -0.440946865624444     
  0.602665833333333        2.10433041666667      -0.428872984927625     
  0.602665833333333        2.40466333333333      -0.415812469644762     
  0.602665833333333        2.70499625000000      -0.398491580650996     
  0.602665833333333        3.00532916666667      -0.372051171675213     
  0.602665833333333        3.30566208333333      -0.338325188889887     
  0.602665833333333        3.60599500000000      -0.306350143523108     
  0.602665833333333        3.90632791666667      -0.281483206134808     
  0.602665833333333        4.20666083333333      -0.257094770758753     
  0.602665833333333        4.50699375000000      -0.230754760096559     
  0.602665833333333        4.80732666666667      -0.205830358958191     
  0.602665833333333        5.10765958333333      -0.184802569229459     
  0.602665833333333        5.40799250000000      -0.167712503487261     
  0.602665833333333        5.70832541666667      -0.154847011269451     
  0.602665833333333        6.00865833333333      -0.145429751755780     
  0.602665833333333        6.30899125000000      -0.137934900534677     
  0.602665833333333        6.60932416666667      -0.130646224443452     
  0.602665833333333        6.90965708333333      -0.123585611796084     
  0.602665833333333        7.20999000000000      -0.116614415361177     
  0.902998750000000       2.000000000000000E-003 -0.386764121236673     
  0.902998750000000       0.302332916666667      -0.411339978933076     
  0.902998750000000       0.602665833333333      -0.437024204537109     
  0.902998750000000       0.902998750000000      -0.465537894546625     
  0.902998750000000        1.20333166666667      -0.482089233748585     
  0.902998750000000        1.50366458333333      -0.485740437459983     
  0.902998750000000        1.80399750000000      -0.478681030941065     
  0.902998750000000        2.10433041666667      -0.467381617955359     
  0.902998750000000        2.40466333333333      -0.450783912769630     
  0.902998750000000        2.70499625000000      -0.426712036471343     
  0.902998750000000        3.00532916666667      -0.394780601597872     
  0.902998750000000        3.30566208333333      -0.356348921128547     
  0.902998750000000        3.60599500000000      -0.318129413863182     
  0.902998750000000        3.90632791666667      -0.285160266245337     
  0.902998750000000        4.20666083333333      -0.256712733573180     
  0.902998750000000        4.50699375000000      -0.231228450567337     
  0.902998750000000        4.80732666666667      -0.208568989154538     
  0.902998750000000        5.10765958333333      -0.188813741170842     
  0.902998750000000        5.40799250000000      -0.172013887003147     
  0.902998750000000        5.70832541666667      -0.158366015444090     
  0.902998750000000        6.00865833333333      -0.147518610555612     
  0.902998750000000        6.30899125000000      -0.138555759438624     
  0.902998750000000        6.60932416666667      -0.130459630500595     
  0.902998750000000        6.90965708333333      -0.123300148334733     
  0.902998750000000        7.20999000000000      -0.114625951306615     
   1.20333166666667       2.000000000000000E-003 -0.376690220659178     
   1.20333166666667       0.302332916666667      -0.414511070498102     
   1.20333166666667       0.602665833333333      -0.450513359129642     
   1.20333166666667       0.902998750000000      -0.482089053413813     
   1.20333166666667        1.20333166666667      -0.504308317015874     
   1.20333166666667        1.50366458333333      -0.510535422253085     
   1.20333166666667        1.80399750000000      -0.507295859010574     
   1.20333166666667        2.10433041666667      -0.497865110426429     
   1.20333166666667        2.40466333333333      -0.478302827725709     
   1.20333166666667        2.70499625000000      -0.448224773003075     
   1.20333166666667        3.00532916666667      -0.410454933572018     
   1.20333166666667        3.30566208333333      -0.368981253302050     
   1.20333166666667        3.60599500000000      -0.327823245840443     
   1.20333166666667        3.90632791666667      -0.290928787178734     
   1.20333166666667        4.20666083333333      -0.259817898256109     
   1.20333166666667        4.50699375000000      -0.233722731800480     
   1.20333166666667        4.80732666666667      -0.211362551097668     
   1.20333166666667        5.10765958333333      -0.191987646487179     
   1.20333166666667        5.40799250000000      -0.175263243484065     
   1.20333166666667        5.70832541666667      -0.161076529927305     
   1.20333166666667        6.00865833333333      -0.149276677922620     
   1.20333166666667        6.30899125000000      -0.139097519008419     
   1.20333166666667        6.60932416666667      -0.130124027945773     
   1.20333166666667        6.90965708333333      -0.121756170563786     
   1.20333166666667        7.20999000000000      -0.111890174320378     
   1.50366458333333       2.000000000000000E-003 -0.366000843344233     
   1.50366458333333       0.302332916666667      -0.407995736540640     
   1.50366458333333       0.602665833333333      -0.449846708970106     
   1.50366458333333       0.902998750000000      -0.485741100301128     
   1.50366458333333        1.20333166666667      -0.510535664223243     
   1.50366458333333        1.50366458333333      -0.522480142020296     
   1.50366458333333        1.80399750000000      -0.525132018115080     
   1.50366458333333        2.10433041666667      -0.516015398343130     
   1.50366458333333        2.40466333333333      -0.493604254956570     
   1.50366458333333        2.70499625000000      -0.459589534487596     
   1.50366458333333        3.00532916666667      -0.418117799213896     
   1.50366458333333        3.30566208333333      -0.374158456149066     
   1.50366458333333        3.60599500000000      -0.332045675055498     
   1.50366458333333        3.90632791666667      -0.294624428430115     
   1.50366458333333        4.20666083333333      -0.262875326678071     
   1.50366458333333        4.50699375000000      -0.236265698496516     
   1.50366458333333        4.80732666666667      -0.213717072666523     
   1.50366458333333        5.10765958333333      -0.194319375891553     
   1.50366458333333        5.40799250000000      -0.177501632896072     
   1.50366458333333        5.70832541666667      -0.162918056068484     
   1.50366458333333        6.00865833333333      -0.150267658328834     
   1.50366458333333        6.30899125000000      -0.139148568180460     
   1.50366458333333        6.60932416666667      -0.129132619086509     
   1.50366458333333        6.90965708333333      -0.119793094249732     
   1.50366458333333        7.20999000000000      -0.109346825038932     
   1.80399750000000       2.000000000000000E-003 -0.354399703524764     
   1.80399750000000       0.302332916666667      -0.397654194458404     
   1.80399750000000       0.602665833333333      -0.440946658168523     
   1.80399750000000       0.902998750000000      -0.478681295239649     
   1.80399750000000        1.20333166666667      -0.507295847291507     
   1.80399750000000        1.50366458333333      -0.525131893409350     
   1.80399750000000        1.80399750000000      -0.529526000181532     
   1.80399750000000        2.10433041666667      -0.518828325461262     
   1.80399750000000        2.40466333333333      -0.493792262581591     
   1.80399750000000        2.70499625000000      -0.457757392020224     
   1.80399750000000        3.00532916666667      -0.415598546951953     
   1.80399750000000        3.30566208333333      -0.372212463451840     
   1.80399750000000        3.60599500000000      -0.331334734089016     
   1.80399750000000        3.90632791666667      -0.295044336356805     
   1.80399750000000        4.20666083333333      -0.263894603809924     
   1.80399750000000        4.50699375000000      -0.237452365010980     
   1.80399750000000        4.80732666666667      -0.214921884602084     
   1.80399750000000        5.10765958333333      -0.195542334876307     
   1.80399750000000        5.40799250000000      -0.178699916849312     
   1.80399750000000        5.70832541666667      -0.163898601412798     
   1.80399750000000        6.00865833333333      -0.150724624639551     
   1.80399750000000        6.30899125000000      -0.138842393344644     
   1.80399750000000        6.60932416666667      -0.128011497191880     
   1.80399750000000        6.90965708333333      -0.118049466813426     
   1.80399750000000        7.20999000000000      -0.108548062385172     
   2.10433041666667       2.000000000000000E-003 -0.345342830179532     
   2.10433041666667       0.302332916666667      -0.386862324761122     
   2.10433041666667       0.602665833333333      -0.428872683666126     
   2.10433041666667       0.902998750000000      -0.467381341263579     
   2.10433041666667        1.20333166666667      -0.497864739118940     
   2.10433041666667        1.50366458333333      -0.516015027708220     
   2.10433041666667        1.80399750000000      -0.518828106246954     
   2.10433041666667        2.10433041666667      -0.505751686243143     
   2.10433041666667        2.40466333333333      -0.479052886185881     
   2.10433041666667        2.70499625000000      -0.443084294784969     
   2.10433041666667        3.00532916666667      -0.402837820186772     
   2.10433041666667        3.30566208333333      -0.362553471751122     
   2.10433041666667        3.60599500000000      -0.324983897600139     
   2.10433041666667        3.90632791666667      -0.291390499890531     
   2.10433041666667        4.20666083333333      -0.261986292164622     
   2.10433041666667        4.50699375000000      -0.236481356038080     
   2.10433041666667        4.80732666666667      -0.214439037800408     
   2.10433041666667        5.10765958333333      -0.195376203489442     
   2.10433041666667        5.40799250000000      -0.178753202807632     
   2.10433041666667        5.70832541666667      -0.164006812066918     
   2.10433041666667        6.00865833333333      -0.150658735357796     
   2.10433041666667        6.30899125000000      -0.138417452342664     
   2.10433041666667        6.60932416666667      -0.127180207372487     
   2.10433041666667        6.90965708333333      -0.116933847382548     
   2.10433041666667        7.20999000000000      -0.107645193447682     
   2.40466333333333       2.000000000000000E-003 -0.339450877084234     
   2.40466333333333       0.302332916666667      -0.377827801288223     
   2.40466333333333       0.602665833333333      -0.415811953560148     
   2.40466333333333       0.902998750000000      -0.450783317627344     
   2.40466333333333        1.20333166666667      -0.478302204137246     
   2.40466333333333        1.50366458333333      -0.493603692316924     
   2.40466333333333        1.80399750000000      -0.493791865396610     
   2.40466333333333        2.10433041666667      -0.479052703179135     
   2.40466333333333        2.40466333333333      -0.452472328021244     
   2.40466333333333        2.70499625000000      -0.418735218377084     
   2.40466333333333        3.00532916666667      -0.382450724107570     
   2.40466333333333        3.30566208333333      -0.346938230858593     
   2.40466333333333        3.60599500000000      -0.313926744450797     
   2.40466333333333        3.90632791666667      -0.283966283134156     
   2.40466333333333        4.20666083333333      -0.257052222996730     
   2.40466333333333        4.50699375000000      -0.233096812806545     
   2.40466333333333        4.80732666666667      -0.212033922711604     
   2.40466333333333        5.10765958333333      -0.193669760376657     
   2.40466333333333        5.40799250000000      -0.177575163444223     
   2.40466333333333        5.70832541666667      -0.163176506576696     
   2.40466333333333        6.00865833333333      -0.149985288987803     
   2.40466333333333        6.30899125000000      -0.137773489494123     
   2.40466333333333        6.60932416666667      -0.126547000116410     
   2.40466333333333        6.90965708333333      -0.116365468212443     
   2.40466333333333        7.20999000000000      -0.107209033866736     
   2.70499625000000       2.000000000000000E-003 -0.334024556012773     
   2.70499625000000       0.302332916666667      -0.366594233935257     
   2.70499625000000       0.602665833333333      -0.398490806302646     
   2.70499625000000       0.902998750000000      -0.426711239933201     
   2.70499625000000        1.20333166666667      -0.448224034139964     
   2.70499625000000        1.50366458333333      -0.459588895692450     
   2.70499625000000        1.80399750000000      -0.457756913978575     
   2.70499625000000        2.10433041666667      -0.443084011680248     
   2.70499625000000        2.40466333333333      -0.418735107142870     
   2.70499625000000        2.70499625000000      -0.389083747990365     
   2.70499625000000        3.00532916666667      -0.358021828204094     
   2.70499625000000        3.30566208333333      -0.327957310246843     
   2.70499625000000        3.60599500000000      -0.299812222184720     
   2.70499625000000        3.90632791666667      -0.273679384250400     
   2.70499625000000        4.20666083333333      -0.249512466688350     
   2.70499625000000        4.50699375000000      -0.227462097478896     
   2.70499625000000        4.80732666666667      -0.207764625337191     
   2.70499625000000        5.10765958333333      -0.190439103983003     
   2.70499625000000        5.40799250000000      -0.175145551111232     
   2.70499625000000        5.70832541666667      -0.161338065406914     
   2.70499625000000        6.00865833333333      -0.148584019168855     
   2.70499625000000        6.30899125000000      -0.136775508334372     
   2.70499625000000        6.60932416666667      -0.126004492878616     
   2.70499625000000        6.90965708333333      -0.116335842095823     
   2.70499625000000        7.20999000000000      -0.107599973074213     
   3.00532916666667       2.000000000000000E-003 -0.326547457736048     
   3.00532916666667       0.302332916666667      -0.348683354794705     
   3.00532916666667       0.602665833333333      -0.372050221447685     
   3.00532916666667       0.902998750000000      -0.394779717281338     
   3.00532916666667        1.20333166666667      -0.410454190731979     
   3.00532916666667        1.50366458333333      -0.418117178632337     
   3.00532916666667        1.80399750000000      -0.415598059369806     
   3.00532916666667        2.10433041666667      -0.402837493899411     
   3.00532916666667        2.40466333333333      -0.382450553250542     
   3.00532916666667        2.70499625000000      -0.358021769270808     
   3.00532916666667        3.00532916666667      -0.332576953693282     
   3.00532916666667        3.30566208333333      -0.307793723376000     
   3.00532916666667        3.60599500000000      -0.284119099737569     
   3.00532916666667        3.90632791666667      -0.261486823607447     
   3.00532916666667        4.20666083333333      -0.239976589372044     
   3.00532916666667        4.50699375000000      -0.219971478400311     
   3.00532916666667        4.80732666666667      -0.201886751473249     
   3.00532916666667        5.10765958333333      -0.185832475893773     
   3.00532916666667        5.40799250000000      -0.171511725074250     
   3.00532916666667        5.70832541666667      -0.158436680569932     
   3.00532916666667        6.00865833333333      -0.146302795908477     
   3.00532916666667        6.30899125000000      -0.135159096879119     
   3.00532916666667        6.60932416666667      -0.125097458648143     
   3.00532916666667        6.90965708333333      -0.116256203753349     
   3.00532916666667        7.20999000000000      -0.108225123674682     
   3.30566208333333       2.000000000000000E-003 -0.314155018089059     
   3.30566208333333       0.302332916666667      -0.324075742633252     
   3.30566208333333       0.602665833333333      -0.338324302040585     
   3.30566208333333       0.902998750000000      -0.356348190951762     
   3.30566208333333        1.20333166666667      -0.368980637132126     
   3.30566208333333        1.50366458333333      -0.374157911940501     
   3.30566208333333        1.80399750000000      -0.372211992047515     
   3.30566208333333        2.10433041666667      -0.362553113716014     
   3.30566208333333        2.40466333333333      -0.346938010606206     
   3.30566208333333        2.70499625000000      -0.327957211758405     
   3.30566208333333        3.00532916666667      -0.307793699181515     
   3.30566208333333        3.30566208333333      -0.287621093172298     
   3.30566208333333        3.60599500000000      -0.267713926027188     
   3.30566208333333        3.90632791666667      -0.248081337812311     
   3.30566208333333        4.20666083333333      -0.229022777543230     
   3.30566208333333        4.50699375000000      -0.211093626056125     
   3.30566208333333        4.80732666666667      -0.194749103080197     
   3.30566208333333        5.10765958333333      -0.180074679260449     
   3.30566208333333        5.40799250000000      -0.166777382369707     
   3.30566208333333        5.70832541666667      -0.154453548240219     
   3.30566208333333        6.00865833333333      -0.142962830675387     
   3.30566208333333        6.30899125000000      -0.132417984439433     
   3.30566208333333        6.60932416666667      -0.122973659114059     
   3.30566208333333        6.90965708333333      -0.114946095011404     
   3.30566208333333        7.20999000000000      -0.107713380306791     
   3.60599500000000       2.000000000000000E-003 -0.292834662494293     
   3.60599500000000       0.302332916666667      -0.300671654066677     
   3.60599500000000       0.602665833333333      -0.306349373623511     
   3.60599500000000       0.902998750000000      -0.318128962998940     
   3.60599500000000        1.20333166666667      -0.327822883756765     
   3.60599500000000        1.50366458333333      -0.332045264763772     
   3.60599500000000        1.80399750000000      -0.331334315003784     
   3.60599500000000        2.10433041666667      -0.324983528485353     
   3.60599500000000        2.40466333333333      -0.313926485789278     
   3.60599500000000        2.70499625000000      -0.299812095233625     
   3.60599500000000        3.00532916666667      -0.284119072234710     
   3.60599500000000        3.30566208333333      -0.267713938002063     
   3.60599500000000        3.60599500000000      -0.250901204575181     
   3.60599500000000        3.90632791666667      -0.233881338738335     
   3.60599500000000        4.20666083333333      -0.217145169069499     
   3.60599500000000        4.50699375000000      -0.201301419233150     
   3.60599500000000        4.80732666666667      -0.186729254500384     
   3.60599500000000        5.10765958333333      -0.173425913774391     
   3.60599500000000        5.40799250000000      -0.161099598732099     
   3.60599500000000        5.70832541666667      -0.149455571228371     
   3.60599500000000        6.00865833333333      -0.138490092621296     
   3.60599500000000        6.30899125000000      -0.128399249350468     
   3.60599500000000        6.60932416666667      -0.119432696494902     
   3.60599500000000        6.90965708333333      -0.112146805208212     
   3.60599500000000        7.20999000000000      -0.106627446827107     
   3.90632791666667       2.000000000000000E-003 -0.277582218379971     
   3.90632791666667       0.302332916666667      -0.283600203374442     
   3.90632791666667       0.602665833333333      -0.281482246768185     
   3.90632791666667       0.902998750000000      -0.285159966016415     
   3.90632791666667        1.20333166666667      -0.290928681028730     
   3.90632791666667        1.50366458333333      -0.294624258269725     
   3.90632791666667        1.80399750000000      -0.295044093175785     
   3.90632791666667        2.10433041666667      -0.291390223982711     
   3.90632791666667        2.40466333333333      -0.283966062563721     
   3.90632791666667        2.70499625000000      -0.273679283260494     
   3.90632791666667        3.00532916666667      -0.261486835761546     
   3.90632791666667        3.30566208333333      -0.248081401329746     
   3.90632791666667        3.60599500000000      -0.233881388783721     
   3.90632791666667        3.90632791666667      -0.219279353661096     
   3.90632791666667        4.20666083333333      -0.204826268412747     
   3.90632791666667        4.50699375000000      -0.191046026289935     
   3.90632791666667        4.80732666666667      -0.178180052790909     
   3.90632791666667        5.10765958333333      -0.166142345194703     
   3.90632791666667        5.40799250000000      -0.154680847438853     
   3.90632791666667        5.70832541666667      -0.143638144932656     
   3.90632791666667        6.00865833333333      -0.133128385884781     
   3.90632791666667        6.30899125000000      -0.123492897686320     
   3.90632791666667        6.60932416666667      -0.115143933980228     
   3.90632791666667        6.90965708333333      -0.108474599506647     
   3.90632791666667        7.20999000000000      -0.102686715569618     
   4.20666083333333       2.000000000000000E-003 -0.255160576475836     
   4.20666083333333       0.302332916666667      -0.260373950655221     
   4.20666083333333       0.602665833333333      -0.257093320601188     
   4.20666083333333       0.902998750000000      -0.256712406092883     
   4.20666083333333        1.20333166666667      -0.259818072172972     
   4.20666083333333        1.50366458333333      -0.262875592414163     
   4.20666083333333        1.80399750000000      -0.263894752074401     
   4.20666083333333        2.10433041666667      -0.261986294380488     
   4.20666083333333        2.40466333333333      -0.257052184041347     
   4.20666083333333        2.70499625000000      -0.249512502063612     
   4.20666083333333        3.00532916666667      -0.239976730377420     
   4.20666083333333        3.30566208333333      -0.229022966678399     
   4.20666083333333        3.60599500000000      -0.217145325538868     
   4.20666083333333        3.90632791666667      -0.204826349645567     
   4.20666083333333        4.20666083333333      -0.192556640093519     
   4.20666083333333        4.50699375000000      -0.180700805520964     
   4.20666083333333        4.80732666666667      -0.169365608979805     
   4.20666083333333        5.10765958333333      -0.158432820074288     
   4.20666083333333        5.40799250000000      -0.147740190373460     
   4.20666083333333        5.70832541666667      -0.137284931754389     
   4.20666083333333        6.00865833333333      -0.127300147589927     
   4.20666083333333        6.30899125000000      -0.118172916635213     
   4.20666083333333        6.60932416666667      -0.110415460327666     
   4.20666083333333        6.90965708333333      -0.104161586664983     
   4.20666083333333        7.20999000000000      -9.851900429418738E-002
   4.50699375000000       2.000000000000000E-003 -0.224026152791203     
   4.50699375000000       0.302332916666667      -0.230700468853832     
   4.50699375000000       0.602665833333333      -0.230752906250359     
   4.50699375000000       0.902998750000000      -0.231228211078628     
   4.50699375000000        1.20333166666667      -0.233723415144702     
   4.50699375000000        1.50366458333333      -0.236266615860411     
   4.50699375000000        1.80399750000000      -0.237453078140410     
   4.50699375000000        2.10433041666667      -0.236481761055346     
   4.50699375000000        2.40466333333333      -0.233097048668204     
   4.50699375000000        2.70499625000000      -0.227462354463649     
   4.50699375000000        3.00532916666667      -0.219971842681349     
   4.50699375000000        3.30566208333333      -0.211094046772404     
   4.50699375000000        3.60599500000000      -0.201301785470858     
   4.50699375000000        3.90632791666667      -0.191046265156096     
   4.50699375000000        4.20666083333333      -0.180700915463221     
   4.50699375000000        4.50699375000000      -0.170484335385820     
   4.50699375000000        4.80732666666667      -0.160425951056406     
   4.50699375000000        5.10765958333333      -0.150439316340617     
   4.50699375000000        5.40799250000000      -0.140480468461898     
   4.50699375000000        5.70832541666667      -0.130680276396268     
   4.50699375000000        6.00865833333333      -0.121347635153339     
   4.50699375000000        6.30899125000000      -0.112831161587230     
   4.50699375000000        6.60932416666667      -0.105455158174465     
   4.50699375000000        6.90965708333333      -9.925412840326150E-002
   4.50699375000000        7.20999000000000      -9.351803522188919E-002
   4.80732666666667       2.000000000000000E-003 -0.194781970066441     
   4.80732666666667       0.302332916666667      -0.202318307303062     
   4.80732666666667       0.602665833333333      -0.205828601111988     
   4.80732666666667       0.902998750000000      -0.208569180986570     
   4.80732666666667        1.20333166666667      -0.211363948835523     
   4.80732666666667        1.50366458333333      -0.213718682271556     
   4.80732666666667        1.80399750000000      -0.214923069532677     
   4.80732666666667        2.10433041666667      -0.214439689645485     
   4.80732666666667        2.40466333333333      -0.212034284886493     
   4.80732666666667        2.70499625000000      -0.207765012643666     
   4.80732666666667        3.00532916666667      -0.201887329473839     
   4.80732666666667        3.30566208333333      -0.194749827214191     
   4.80732666666667        3.60599500000000      -0.186729958744806     
   4.80732666666667        3.90632791666667      -0.178180590632745     
   4.80732666666667        4.20666083333333      -0.169365935772873     
   4.80732666666667        4.50699375000000      -0.160426102334728     
   4.80732666666667        4.80732666666667      -0.151390412736471     
   4.80732666666667        5.10765958333333      -0.142251316219157     
   4.80732666666667        5.40799250000000      -0.133073626033222     
   4.80732666666667        5.70832541666667      -0.124059705806796     
   4.80732666666667        6.00865833333333      -0.115511070773558     
   4.80732666666667        6.30899125000000      -0.107702990962019     
   4.80732666666667        6.60932416666667      -0.100758482962695     
   4.80732666666667        6.90965708333333      -9.458429924255704E-002
   4.80732666666667        7.20999000000000      -8.882434404964522E-002
   5.10765958333333       2.000000000000000E-003 -0.171775416423371     
   5.10765958333333       0.302332916666667      -0.179424428221686     
   5.10765958333333       0.602665833333333      -0.184801082197665     
   5.10765958333333       0.902998750000000      -0.188814512161326     
   5.10765958333333        1.20333166666667      -0.191989866646557     
   5.10765958333333        1.50366458333333      -0.194321421156769     
   5.10765958333333        1.80399750000000      -0.195543476807539     
   5.10765958333333        2.10433041666667      -0.195376528189100     
   5.10765958333333        2.40466333333333      -0.193669745276629     
   5.10765958333333        2.70499625000000      -0.190439250966550     
   5.10765958333333        3.00532916666667      -0.185833054709872     
   5.10765958333333        3.30566208333333      -0.180075650233228     
   5.10765958333333        3.60599500000000      -0.173427030863767     
   5.10765958333333        3.90632791666667      -0.166143338731340     
   5.10765958333333        4.20666083333333      -0.158433539694285     
   5.10765958333333        4.50699375000000      -0.150439757174947     
   5.10765958333333        4.80732666666667      -0.142251536411001     
   5.10765958333333        5.10765958333333      -0.133950681066565     
   5.10765958333333        5.40799250000000      -0.125665491317748     
   5.10765958333333        5.70832541666667      -0.117590370244388     
   5.10765958333333        6.00865833333333      -0.109944392163345     
   5.10765958333333        6.30899125000000      -0.102889420376029     
   5.10765958333333        6.60932416666667      -9.646069666179236E-002
   5.10765958333333        6.90965708333333      -9.055276383820231E-002
   5.10765958333333        7.20999000000000      -8.497349905366780E-002
   5.40799250000000       2.000000000000000E-003 -0.155261799666900     
   5.40799250000000       0.302332916666667      -0.162245057696994     
   5.40799250000000       0.602665833333333      -0.167711831588989     
   5.40799250000000       0.902998750000000      -0.172016906394384     
   5.40799250000000        1.20333166666667      -0.175266922392325     
   5.40799250000000        1.50366458333333      -0.177503593467919     
   5.40799250000000        1.80399750000000      -0.178700096425399     
   5.40799250000000        2.10433041666667      -0.178752308764427     
   5.40799250000000        2.40466333333333      -0.177574035404588     
   5.40799250000000        2.70499625000000      -0.175144896128160     
   5.40799250000000        3.00532916666667      -0.171511914613108     
   5.40799250000000        3.30566208333333      -0.166778376788065     
   5.40799250000000        3.60599500000000      -0.161101073962033     
   5.40799250000000        3.90632791666667      -0.154682375993905     
   5.40799250000000        4.20666083333333      -0.147741463688963     
   5.40799250000000        4.50699375000000      -0.140481383777168     
   5.40799250000000        4.80732666666667      -0.133074233347557     
   5.40799250000000        5.10765958333333      -0.125665856402768     
   5.40799250000000        5.40799250000000      -0.118387985220173     
   5.40799250000000        5.70832541666667      -0.111361628098190     
   5.40799250000000        6.00865833333333      -0.104683932280036     
   5.40799250000000        6.30899125000000      -9.840911290686745E-002
   5.40799250000000        6.60932416666667      -9.255644036479781E-002
   5.40799250000000        6.90965708333333      -8.707328541194627E-002
   5.40799250000000        7.20999000000000      -8.192828555168974E-002
   5.70832541666667       2.000000000000000E-003 -0.144861741022140     
   5.70832541666667       0.302332916666667      -0.150493706127195     
   5.70832541666667       0.602665833333333      -0.154845523335274     
   5.70832541666667       0.902998750000000      -0.158373194823608     
   5.70832541666667        1.20333166666667      -0.161082209950982     
   5.70832541666667        1.50366458333333      -0.162918942193913     
   5.70832541666667        1.80399750000000      -0.163896587861268     
   5.70832541666667        2.10433041666667      -0.164003863398185     
   5.70832541666667        2.40466333333333      -0.163173701331960     
   5.70832541666667        2.70499625000000      -0.161336169793599     
   5.70832541666667        3.00532916666667      -0.158436131587003     
   5.70832541666667        3.30566208333333      -0.154454236213476     
   5.70832541666667        3.60599500000000      -0.149457298847186     
   5.70832541666667        3.90632791666667      -0.143640160919120     
   5.70832541666667        4.20666083333333      -0.137286814724297     
   5.70832541666667        4.50699375000000      -0.130681805752214     
   5.70832541666667        4.80732666666667      -0.124060884853467     
   5.70832541666667        5.10765958333333      -0.117591390393986     
   5.70832541666667        5.40799250000000      -0.111362484963075     
   5.70832541666667        5.70832541666667      -0.105394119026098     
   5.70832541666667        6.00865833333333      -9.966773910151704E-002
   5.70832541666667        6.30899125000000      -9.423183568273498E-002
   5.70832541666667        6.60932416666667      -8.907057995236836E-002
   5.70832541666667        6.90965708333333      -8.410530948573368E-002
   5.70832541666667        7.20999000000000      -7.939669041678259E-002
   6.00865833333333       2.000000000000000E-003 -0.139971860331007     
   6.00865833333333       0.302332916666667      -0.143251608147571     
   6.00865833333333       0.602665833333333      -0.145433415963275     
   6.00865833333333       0.902998750000000      -0.147523968714796     
   6.00865833333333        1.20333166666667      -0.149264498197222     
   6.00865833333333        1.50366458333333      -0.150263280381152     
   6.00865833333333        1.80399750000000      -0.150719100837684     
   6.00865833333333        2.10433041666667      -0.150653562082381     
   6.00865833333333        2.40466333333333      -0.149980979157595     
   6.00865833333333        2.70499625000000      -0.148580941589258     
   6.00865833333333        3.00532916666667      -0.146301422508620     
   6.00865833333333        3.30566208333333      -0.142962193342629     
   6.00865833333333        3.60599500000000      -0.138501237807911     
   6.00865833333333        3.90632791666667      -0.133130773380725     
   6.00865833333333        4.20666083333333      -0.127302792128085     
   6.00865833333333        4.50699375000000      -0.121349817109319     
   6.00865833333333        4.80732666666667      -0.115512874204674     
   6.00865833333333        5.10765958333333      -0.109946369049761     
   6.00865833333333        5.40799250000000      -0.104686539598772     
   6.00865833333333        5.70832541666667      -9.967032189899652E-002
   6.00865833333333        6.00865833333333      -9.489892557067130E-002
   6.00865833333333        6.30899125000000      -9.029069804622521E-002
   6.00865833333333        6.60932416666667      -8.580642663735083E-002
   6.00865833333333        6.90965708333333      -8.136023276264812E-002
   6.00865833333333        7.20999000000000      -7.681279622967598E-002
   6.30899125000000       2.000000000000000E-003 -0.139299388757790     
   6.30899125000000       0.302332916666667      -0.139026800201350     
   6.30899125000000       0.602665833333333      -0.137943120746295     
   6.30899125000000       0.902998750000000      -0.138482874855363     
   6.30899125000000        1.20333166666667      -0.139092299092055     
   6.30899125000000        1.50366458333333      -0.139139780795409     
   6.30899125000000        1.80399750000000      -0.138833457909743     
   6.30899125000000        2.10433041666667      -0.138411378834760     
   6.30899125000000        2.40466333333333      -0.137769066821504     
   6.30899125000000        2.70499625000000      -0.136774732672693     
   6.30899125000000        3.00532916666667      -0.135155716959427     
   6.30899125000000        3.30566208333333      -0.132416944936969     
   6.30899125000000        3.60599500000000      -0.128410666960140     
   6.30899125000000        3.90632791666667      -0.123495411507127     
   6.30899125000000        4.20666083333333      -0.118177244889200     
   6.30899125000000        4.50699375000000      -0.112829345418845     
   6.30899125000000        4.80732666666667      -0.107705171849882     
   6.30899125000000        5.10765958333333      -0.102892309055855     
   6.30899125000000        5.40799250000000      -9.841449274762802E-002
   6.30899125000000        5.70832541666667      -9.423776718310814E-002
   6.30899125000000        6.00865833333333      -9.029302099490941E-002
   6.30899125000000        6.30899125000000      -8.644850416408503E-002
   6.30899125000000        6.60932416666667      -8.259050414990211E-002
   6.30899125000000        6.90965708333333      -7.861492465299749E-002
   6.30899125000000        7.20999000000000      -7.434492874997209E-002
   6.60932416666667       2.000000000000000E-003 -0.140079644675572     
   6.60932416666667       0.302332916666667      -0.134135246323103     
   6.60932416666667       0.602665833333333      -0.130427137868350     
   6.60932416666667       0.902998750000000      -0.130459178017495     
   6.60932416666667        1.20333166666667      -0.130120878438643     
   6.60932416666667        1.50366458333333      -0.129122779227514     
   6.60932416666667        1.80399750000000      -0.128003416634564     
   6.60932416666667        2.10433041666667      -0.127177012159484     
   6.60932416666667        2.40466333333333      -0.126545044093768     
   6.60932416666667        2.70499625000000      -0.126002618165105     
   6.60932416666667        3.00532916666667      -0.125109655182803     
   6.60932416666667        3.30566208333333      -0.122972845334552     
   6.60932416666667        3.60599500000000      -0.119437076011809     
   6.60932416666667        3.90632791666667      -0.115146798217149     
   6.60932416666667        4.20666083333333      -0.110402967548283     
   6.60932416666667        4.50699375000000      -0.105458786028801     
   6.60932416666667        4.80732666666667      -0.100760096106456     
   6.60932416666667        5.10765958333333      -9.646321869174133E-002
   6.60932416666667        5.40799250000000      -9.256344579385287E-002
   6.60932416666667        5.70832541666667      -8.907757587262742E-002
   6.60932416666667        6.00865833333333      -8.580964072554739E-002
   6.60932416666667        6.30899125000000      -8.258647662836131E-002
   6.60932416666667        6.60932416666667      -7.932984211002719E-002
   6.60932416666667        6.90965708333333      -7.577559597608927E-002
   6.60932416666667        7.20999000000000      -7.178130287373091E-002
   6.90965708333333       2.000000000000000E-003 -0.131485811335850     
   6.90965708333333       0.302332916666667      -0.124547358687284     
   6.90965708333333       0.602665833333333      -0.123587368266462     
   6.90965708333333       0.902998750000000      -0.123274943060572     
   6.90965708333333        1.20333166666667      -0.121734027931110     
   6.90965708333333        1.50366458333333      -0.119787763883469     
   6.90965708333333        1.80399750000000      -0.118057117379472     
   6.90965708333333        2.10433041666667      -0.116941293645495     
   6.90965708333333        2.40466333333333      -0.116369751681974     
   6.90965708333333        2.70499625000000      -0.116338453118740     
   6.90965708333333        3.00532916666667      -0.116257250886111     
   6.90965708333333        3.30566208333333      -0.114951781705302     
   6.90965708333333        3.60599500000000      -0.112148930236021     
   6.90965708333333        3.90632791666667      -0.108469034018693     
   6.90965708333333        4.20666083333333      -0.104163574694673     
   6.90965708333333        4.50699375000000      -9.925503572448026E-002
   6.90965708333333        4.80732666666667      -9.458429579036012E-002
   6.90965708333333        5.10765958333333      -9.055063589087541E-002
   6.90965708333333        5.40799250000000      -8.707295398316212E-002
   6.90965708333333        5.70832541666667      -8.410687318217233E-002
   6.90965708333333        6.00865833333333      -8.135861776928632E-002
   6.90965708333333        6.30899125000000      -7.860971970464027E-002
   6.90965708333333        6.60932416666667      -7.577175407721122E-002
   6.90965708333333        6.90965708333333      -7.302154929093452E-002
   6.90965708333333        7.20999000000000      -6.978737854966463E-002
   7.20999000000000       2.000000000000000E-003 -0.114988572048376     
   7.20999000000000       0.302332916666667      -0.118657573811506     
   7.20999000000000       0.602665833333333      -0.117289735844697     
   7.20999000000000       0.902998750000000      -0.115324634212862     
   7.20999000000000        1.20333166666667      -0.113056075044092     
   7.20999000000000        1.50366458333333      -0.110781525622365     
   7.20999000000000        1.80399750000000      -0.108839743812151     
   7.20999000000000        2.10433041666667      -0.107672071324177     
   7.20999000000000        2.40466333333333      -0.107212608951827     
   7.20999000000000        2.70499625000000      -0.107604111413152     
   7.20999000000000        3.00532916666667      -0.108229144220502     
   7.20999000000000        3.30566208333333      -0.107715128290200     
   7.20999000000000        3.60599500000000      -0.106627952124512     
   7.20999000000000        3.90632791666667      -0.102687046048197     
   7.20999000000000        4.20666083333333      -9.852000936786086E-002
   7.20999000000000        4.50699375000000      -9.351942482404817E-002
   7.20999000000000        4.80732666666667      -8.882154700439089E-002
   7.20999000000000        5.10765958333333      -8.495865819581290E-002
   7.20999000000000        5.40799250000000      -8.179357323345302E-002
   7.20999000000000        5.70832541666667      -7.915398112981872E-002
   7.20999000000000        6.00865833333333      -7.682372301894591E-002
   7.20999000000000        6.30899125000000      -7.446591740547231E-002
   7.20999000000000        6.60932416666667      -7.197096694486323E-002
   7.20999000000000        6.90965708333333      -6.984580863936138E-002
   7.20999000000000        7.20999000000000      -6.696655796831491E-002
