  2.000000000000000E-003  2.000000000000000E-003  -2.29537142935645     
  2.000000000000000E-003  0.302332916666667       -2.17241203649679     
  2.000000000000000E-003  0.602665833333333       -1.79470864233575     
  2.000000000000000E-003  0.902998750000000       -1.29700726247911     
  2.000000000000000E-003   1.20333166666667      -0.933665521928976     
  2.000000000000000E-003   1.50366458333333      -0.696105020648409     
  2.000000000000000E-003   1.80399750000000      -0.541074076016220     
  2.000000000000000E-003   2.10433041666667      -0.440643318314854     
  2.000000000000000E-003   2.40466333333333      -0.373909558638279     
  2.000000000000000E-003   2.70499625000000      -0.330926259322134     
  2.000000000000000E-003   3.00532916666667      -0.300484140855263     
  2.000000000000000E-003   3.30566208333333      -0.267830760223865     
  2.000000000000000E-003   3.60599500000000      -0.236585787077587     
  2.000000000000000E-003   3.90632791666667      -0.209825958917472     
  2.000000000000000E-003   4.20666083333333      -0.186916366232158     
  2.000000000000000E-003   4.50699375000000      -0.168351859441951     
  2.000000000000000E-003   4.80732666666667      -0.151978266025175     
  2.000000000000000E-003   5.10765958333333      -0.137065389772524     
  2.000000000000000E-003   5.40799250000000      -0.123675178271264     
  2.000000000000000E-003   5.70832541666667      -0.108837540487261     
  2.000000000000000E-003   6.00865833333333      -9.361414494838179E-002
  2.000000000000000E-003   6.30899125000000      -7.939984535919249E-002
  2.000000000000000E-003   6.60932416666667      -6.546537955444282E-002
  2.000000000000000E-003   6.90965708333333      -6.119981757779724E-002
  2.000000000000000E-003   7.20999000000000      -6.106561460634515E-002
  0.302332916666667       2.000000000000000E-003  -2.17232754095405     
  0.302332916666667       0.302332916666667       -1.95328719870410     
  0.302332916666667       0.602665833333333       -1.59497505281222     
  0.302332916666667       0.902998750000000       -1.19466546965581     
  0.302332916666667        1.20333166666667      -0.884374975392959     
  0.302332916666667        1.50366458333333      -0.672256296871448     
  0.302332916666667        1.80399750000000      -0.529736016643992     
  0.302332916666667        2.10433041666667      -0.434305645597728     
  0.302332916666667        2.40466333333333      -0.369581872968713     
  0.302332916666667        2.70499625000000      -0.326764879422602     
  0.302332916666667        3.00532916666667      -0.295759915346027     
  0.302332916666667        3.30566208333333      -0.263933569999296     
  0.302332916666667        3.60599500000000      -0.230384708876821     
  0.302332916666667        3.90632791666667      -0.204833310079483     
  0.302332916666667        4.20666083333333      -0.184212810285101     
  0.302332916666667        4.50699375000000      -0.166732716207465     
  0.302332916666667        4.80732666666667      -0.150979521914533     
  0.302332916666667        5.10765958333333      -0.136590142511811     
  0.302332916666667        5.40799250000000      -0.123521953069064     
  0.302332916666667        5.70832541666667      -0.110776862761404     
  0.302332916666667        6.00865833333333      -9.800551610780385E-002
  0.302332916666667        6.30899125000000      -8.582936740617972E-002
  0.302332916666667        6.60932416666667      -7.628693673775182E-002
  0.302332916666667        6.90965708333333      -6.909380838740636E-002
  0.302332916666667        7.20999000000000      -5.717861101722410E-002
  0.602665833333333       2.000000000000000E-003  -1.79452067734194     
  0.602665833333333       0.302332916666667       -1.59497805876429     
  0.602665833333333       0.602665833333333       -1.27975735100770     
  0.602665833333333       0.902998750000000       -1.00100827875971     
  0.602665833333333        1.20333166666667      -0.781159832312602     
  0.602665833333333        1.50366458333333      -0.617754089118876     
  0.602665833333333        1.80399750000000      -0.500109896677157     
  0.602665833333333        2.10433041666667      -0.416942427086716     
  0.602665833333333        2.40466333333333      -0.357650364603057     
  0.602665833333333        2.70499625000000      -0.315831223667072     
  0.602665833333333        3.00532916666667      -0.284204209474913     
  0.602665833333333        3.30566208333333      -0.254220640648282     
  0.602665833333333        3.60599500000000      -0.224061920073316     
  0.602665833333333        3.90632791666667      -0.198920949900296     
  0.602665833333333        4.20666083333333      -0.179468804444850     
  0.602665833333333        4.50699375000000      -0.163296343730253     
  0.602665833333333        4.80732666666667      -0.148698402108591     
  0.602665833333333        5.10765958333333      -0.135366681711344     
  0.602665833333333        5.40799250000000      -0.122970630635733     
  0.602665833333333        5.70832541666667      -0.111049941330781     
  0.602665833333333        6.00865833333333      -9.959005430713096E-002
  0.602665833333333        6.30899125000000      -8.939370119462144E-002
  0.602665833333333        6.60932416666667      -7.981469421945361E-002
  0.602665833333333        6.90965708333333      -7.131582284602463E-002
  0.602665833333333        7.20999000000000      -5.529559699762860E-002
  0.902998750000000       2.000000000000000E-003  -1.29681083927634     
  0.902998750000000       0.302332916666667       -1.19467328917688     
  0.902998750000000       0.602665833333333       -1.00101300072863     
  0.902998750000000       0.902998750000000      -0.818470384277964     
  0.902998750000000        1.20333166666667      -0.669460212248425     
  0.902998750000000        1.50366458333333      -0.551605940083005     
  0.902998750000000        1.80399750000000      -0.461008908300066     
  0.902998750000000        2.10433041666667      -0.392368345117259     
  0.902998750000000        2.40466333333333      -0.340595265346051     
  0.902998750000000        2.70499625000000      -0.301567411159324     
  0.902998750000000        3.00532916666667      -0.270688498908860     
  0.902998750000000        3.30566208333333      -0.242918141502784     
  0.902998750000000        3.60599500000000      -0.216575958499996     
  0.902998750000000        3.90632791666667      -0.193582082584254     
  0.902998750000000        4.20666083333333      -0.174970629243403     
  0.902998750000000        4.50699375000000      -0.159623568822864     
  0.902998750000000        4.80732666666667      -0.146038770343153     
  0.902998750000000        5.10765958333333      -0.133587081543968     
  0.902998750000000        5.40799250000000      -0.121873222962055     
  0.902998750000000        5.70832541666667      -0.110706998821271     
  0.902998750000000        6.00865833333333      -0.100236712340172     
  0.902998750000000        6.30899125000000      -9.091112205071718E-002
  0.902998750000000        6.60932416666667      -8.199214486856338E-002
  0.902998750000000        6.90965708333333      -7.278312408548469E-002
  0.902998750000000        7.20999000000000      -6.099306259581445E-002
   1.20333166666667       2.000000000000000E-003 -0.933406014934665     
   1.20333166666667       0.302332916666667      -0.884382595634486     
   1.20333166666667       0.602665833333333      -0.781161286391665     
   1.20333166666667       0.902998750000000      -0.669461960989508     
   1.20333166666667        1.20333166666667      -0.570038637180803     
   1.20333166666667        1.50366458333333      -0.487174031044040     
   1.20333166666667        1.80399750000000      -0.419322616563521     
   1.20333166666667        2.10433041666667      -0.364424498894194     
   1.20333166666667        2.40466333333333      -0.320853912808062     
   1.20333166666667        2.70499625000000      -0.286113814041619     
   1.20333166666667        3.00532916666667      -0.257304845816399     
   1.20333166666667        3.30566208333333      -0.231848166185210     
   1.20333166666667        3.60599500000000      -0.208547704551588     
   1.20333166666667        3.90632791666667      -0.187963279143727     
   1.20333166666667        4.20666083333333      -0.170640873709806     
   1.20333166666667        4.50699375000000      -0.155982536503412     
   1.20333166666667        4.80732666666667      -0.143110034517428     
   1.20333166666667        5.10765958333333      -0.131321338715986     
   1.20333166666667        5.40799250000000      -0.120174941974798     
   1.20333166666667        5.70832541666667      -0.109575282407033     
   1.20333166666667        6.00865833333333      -9.991423449864476E-002
   1.20333166666667        6.30899125000000      -9.055950763883855E-002
   1.20333166666667        6.60932416666667      -8.212772308343834E-002
   1.20333166666667        6.90965708333333      -7.422673198868372E-002
   1.20333166666667        7.20999000000000      -6.439728072038503E-002
   1.50366458333333       2.000000000000000E-003 -0.695926359906369     
   1.50366458333333       0.302332916666667      -0.672259685267316     
   1.50366458333333       0.602665833333333      -0.617755118067681     
   1.50366458333333       0.902998750000000      -0.551606649293358     
   1.50366458333333        1.20333166666667      -0.487174295593614     
   1.50366458333333        1.50366458333333      -0.429363215743644     
   1.50366458333333        1.80399750000000      -0.378797799957240     
   1.50366458333333        2.10433041666667      -0.335900934007199     
   1.50366458333333        2.40466333333333      -0.300147283367697     
   1.50366458333333        2.70499625000000      -0.270154364381014     
   1.50366458333333        3.00532916666667      -0.244258995328184     
   1.50366458333333        3.30566208333333      -0.221140324469030     
   1.50366458333333        3.60599500000000      -0.200253671764986     
   1.50366458333333        3.90632791666667      -0.181734255264648     
   1.50366458333333        4.20666083333333      -0.165739738669279     
   1.50366458333333        4.50699375000000      -0.151971996542779     
   1.50366458333333        4.80732666666667      -0.139792840785490     
   1.50366458333333        5.10765958333333      -0.128559906387669     
   1.50366458333333        5.40799250000000      -0.117885381102956     
   1.50366458333333        5.70832541666667      -0.107725287690996     
   1.50366458333333        6.00865833333333      -9.820748184987746E-002
   1.50366458333333        6.30899125000000      -8.950378946732576E-002
   1.50366458333333        6.60932416666667      -8.164917857339342E-002
   1.50366458333333        6.90965708333333      -7.457099525639180E-002
   1.50366458333333        7.20999000000000      -6.697760752101747E-002
   1.80399750000000       2.000000000000000E-003 -0.541064769857925     
   1.80399750000000       0.302332916666667      -0.529737036940260     
   1.80399750000000       0.602665833333333      -0.500110497993213     
   1.80399750000000       0.902998750000000      -0.461008955007310     
   1.80399750000000        1.20333166666667      -0.419322605815738     
   1.80399750000000        1.50366458333333      -0.378797762656156     
   1.80399750000000        1.80399750000000      -0.341555585199131     
   1.80399750000000        2.10433041666667      -0.308477670335141     
   1.80399750000000        2.40466333333333      -0.279509495660863     
   1.80399750000000        2.70499625000000      -0.253998927042172     
   1.80399750000000        3.00532916666667      -0.231142673603434     
   1.80399750000000        3.30566208333333      -0.210386887610238     
   1.80399750000000        3.60599500000000      -0.191593092282391     
   1.80399750000000        3.90632791666667      -0.174880908841215     
   1.80399750000000        4.20666083333333      -0.160279443520251     
   1.80399750000000        4.50699375000000      -0.147500314633409     
   1.80399750000000        4.80732666666667      -0.136010017845228     
   1.80399750000000        5.10765958333333      -0.125288106053972     
   1.80399750000000        5.40799250000000      -0.115052729090639     
   1.80399750000000        5.70832541666667      -0.105310178722785     
   1.80399750000000        6.00865833333333      -9.622454632444802E-002
   1.80399750000000        6.30899125000000      -8.794512505448925E-002
   1.80399750000000        6.60932416666667      -8.051763813057874E-002
   1.80399750000000        6.90965708333333      -7.392064871375699E-002
   1.80399750000000        7.20999000000000      -6.818603546417201E-002
   2.10433041666667       2.000000000000000E-003 -0.440643446136027     
   2.10433041666667       0.302332916666667      -0.434305695709161     
   2.10433041666667       0.602665833333333      -0.416942377227967     
   2.10433041666667       0.902998750000000      -0.392368174923582     
   2.10433041666667        1.20333166666667      -0.364424331340322     
   2.10433041666667        1.50366458333333      -0.335900811847880     
   2.10433041666667        1.80399750000000      -0.308477610260887     
   2.10433041666667        2.10433041666667      -0.282948401292719     
   2.10433041666667        2.40466333333333      -0.259471305270177     
   2.10433041666667        2.70499625000000      -0.237856289881666     
   2.10433041666667        3.00532916666667      -0.217865824701668     
   2.10433041666667        3.30566208333333      -0.199423258244137     
   2.10433041666667        3.60599500000000      -0.182634447138372     
   2.10433041666667        3.90632791666667      -0.167631785741303     
   2.10433041666667        4.20666083333333      -0.154371558065220     
   2.10433041666667        4.50699375000000      -0.142553652116665     
   2.10433041666667        4.80732666666667      -0.131731716318773     
   2.10433041666667        5.10765958333333      -0.121523960236806     
   2.10433041666667        5.40799250000000      -0.111768116309162     
   2.10433041666667        5.70832541666667      -0.102522565192199     
   2.10433041666667        6.00865833333333      -9.393789099834916E-002
   2.10433041666667        6.30899125000000      -8.611384123124156E-002
   2.10433041666667        6.60932416666667      -7.905256548813364E-002
   2.10433041666667        6.90965708333333      -7.274217790158981E-002
   2.10433041666667        7.20999000000000      -6.723169250018017E-002
   2.40466333333333       2.000000000000000E-003 -0.373909081617300     
   2.40466333333333       0.302332916666667      -0.369581430768641     
   2.40466333333333       0.602665833333333      -0.357649971152053     
   2.40466333333333       0.902998750000000      -0.340594921390047     
   2.40466333333333        1.20333166666667      -0.320853639975556     
   2.40466333333333        1.50366458333333      -0.300147094562731     
   2.40466333333333        1.80399750000000      -0.279509387463366     
   2.40466333333333        2.10433041666667      -0.259471261735509     
   2.40466333333333        2.40466333333333      -0.240241486691416     
   2.40466333333333        2.70499625000000      -0.221892839631203     
   2.40466333333333        3.00532916666667      -0.204519462771193     
   2.40466333333333        3.30566208333333      -0.188301225268013     
   2.40466333333333        3.60599500000000      -0.173447005016812     
   2.40466333333333        3.90632791666667      -0.160063989052414     
   2.40466333333333        4.20666083333333      -0.148056807380628     
   2.40466333333333        4.50699375000000      -0.137141850145441     
   2.40466333333333        4.80732666666667      -0.126978968913627     
   2.40466333333333        5.10765958333333      -0.117331506591619     
   2.40466333333333        5.40799250000000      -0.108146544360601     
   2.40466333333333        5.70832541666667      -9.951090525265226E-002
   2.40466333333333        6.00865833333333      -9.152611870136171E-002
   2.40466333333333        6.30899125000000      -8.419832907905092E-002
   2.40466333333333        6.60932416666667      -7.744105667230484E-002
   2.40466333333333        6.90965708333333      -7.125458805610047E-002
   2.40466333333333        7.20999000000000      -6.589163867836580E-002
   2.70499625000000       2.000000000000000E-003 -0.330925363226734     
   2.70499625000000       0.302332916666667      -0.326764109637528     
   2.70499625000000       0.602665833333333      -0.315830573608310     
   2.70499625000000       0.902998750000000      -0.301566899953487     
   2.70499625000000        1.20333166666667      -0.286113461319111     
   2.70499625000000        1.50366458333333      -0.270154134016525     
   2.70499625000000        1.80399750000000      -0.253998790851680     
   2.70499625000000        2.10433041666667      -0.237856220779713     
   2.70499625000000        2.40466333333333      -0.221892812627690     
   2.70499625000000        2.70499625000000      -0.206293428956059     
   2.70499625000000        3.00532916666667      -0.191299495287025     
   2.70499625000000        3.30566208333333      -0.177181394272998     
   2.70499625000000        3.60599500000000      -0.164150118147722     
   2.70499625000000        3.90632791666667      -0.152264243654540     
   2.70499625000000        4.20666083333333      -0.141402795951994     
   2.70499625000000        4.50699375000000      -0.131333807128358     
   2.70499625000000        4.80732666666667      -0.121840492843784     
   2.70499625000000        5.10765958333333      -0.112822709683604     
   2.70499625000000        5.40799250000000      -0.104312802484778     
   2.70499625000000        5.70832541666667      -9.640333936978505E-002
   2.70499625000000        6.00865833333333      -8.913295281452661E-002
   2.70499625000000        6.30899125000000      -8.237750170948534E-002
   2.70499625000000        6.60932416666667      -7.595595290724640E-002
   2.70499625000000        6.90965708333333      -6.991078872255262E-002
   2.70499625000000        7.20999000000000      -6.463624485590971E-002
   3.00532916666667       2.000000000000000E-003 -0.300482992895429     
   3.00532916666667       0.302332916666667      -0.295758987169377     
   3.00532916666667       0.602665833333333      -0.284203473690981     
   3.00532916666667       0.902998750000000      -0.270687896507928     
   3.00532916666667        1.20333166666667      -0.257304439103880     
   3.00532916666667        1.50366458333333      -0.244258744247163     
   3.00532916666667        1.80399750000000      -0.231142524017276     
   3.00532916666667        2.10433041666667      -0.217865739164190     
   3.00532916666667        2.40466333333333      -0.204519415429261     
   3.00532916666667        2.70499625000000      -0.191299472971735     
   3.00532916666667        3.00532916666667      -0.178467524724149     
   3.00532916666667        3.30566208333333      -0.166280996661798     
   3.00532916666667        3.60599500000000      -0.154906588453623     
   3.00532916666667        3.90632791666667      -0.144362509847704     
   3.00532916666667        4.20666083333333      -0.134534819869554     
   3.00532916666667        4.50699375000000      -0.125267787338883     
   3.00532916666667        4.80732666666667      -0.116465844408830     
   3.00532916666667        5.10765958333333      -0.108138937906896     
   3.00532916666667        5.40799250000000      -0.100374400990428     
   3.00532916666667        5.70832541666667      -9.326320503995292E-002
   3.00532916666667        6.00865833333333      -8.681897204166929E-002
   3.00532916666667        6.30899125000000      -8.091588911742256E-002
   3.00532916666667        6.60932416666667      -7.522472411352618E-002
   3.00532916666667        6.90965708333333      -6.928521930511077E-002
   3.00532916666667        7.20999000000000      -6.385587946934619E-002
   3.30566208333333       2.000000000000000E-003 -0.267829600165144     
   3.30566208333333       0.302332916666667      -0.263932623472665     
   3.30566208333333       0.602665833333333      -0.254219910916729     
   3.30566208333333       0.902998750000000      -0.242917550313965     
   3.30566208333333        1.20333166666667      -0.231847752674771     
   3.30566208333333        1.50366458333333      -0.221140072038682     
   3.30566208333333        1.80399750000000      -0.210386731071732     
   3.30566208333333        2.10433041666667      -0.199423158617707     
   3.30566208333333        2.40466333333333      -0.188301158083832     
   3.30566208333333        2.70499625000000      -0.177181348830355     
   3.30566208333333        3.00532916666667      -0.166280973013032     
   3.30566208333333        3.30566208333333      -0.155804468724083     
   3.30566208333333        3.60599500000000      -0.145875776577158     
   3.30566208333333        3.90632791666667      -0.136503807150064     
   3.30566208333333        4.20666083333333      -0.127609388679592     
   3.30566208333333        4.50699375000000      -0.119116572402481     
   3.30566208333333        4.80732666666667      -0.111025025632479     
   3.30566208333333        5.10765958333333      -0.103413302743443     
   3.30566208333333        5.40799250000000      -9.639222348488861E-002
   3.30566208333333        5.70832541666667      -9.005517782167623E-002
   3.30566208333333        6.00865833333333      -8.447380955754895E-002
   3.30566208333333        6.30899125000000      -7.966667963766795E-002
   3.30566208333333        6.60932416666667      -7.506279953906772E-002
   3.30566208333333        6.90965708333333      -6.953856836397887E-002
   3.30566208333333        7.20999000000000      -6.392331049008111E-002
   3.60599500000000       2.000000000000000E-003 -0.236584773136526     
   3.60599500000000       0.302332916666667      -0.230383915826844     
   3.60599500000000       0.602665833333333      -0.224061301057573     
   3.60599500000000       0.902998750000000      -0.216575447480171     
   3.60599500000000        1.20333166666667      -0.208547350783270     
   3.60599500000000        1.50366458333333      -0.200253436172147     
   3.60599500000000        1.80399750000000      -0.191592934100146     
   3.60599500000000        2.10433041666667      -0.182634335431735     
   3.60599500000000        2.40466333333333      -0.173446919560889     
   3.60599500000000        2.70499625000000      -0.164150051682374     
   3.60599500000000        3.00532916666667      -0.154906542114515     
   3.60599500000000        3.30566208333333      -0.145875752937135     
   3.60599500000000        3.60599500000000      -0.137165492601847     
   3.60599500000000        3.90632791666667      -0.128805525515262     
   3.60599500000000        4.20666083333333      -0.120765196498575     
   3.60599500000000        4.50699375000000      -0.113030973463005     
   3.60599500000000        4.80732666666667      -0.105653959994577     
   3.60599500000000        5.10765958333333      -9.873309233548874E-002
   3.60599500000000        5.40799250000000      -9.237167427650018E-002
   3.60599500000000        5.70832541666667      -8.665764531686537E-002
   3.60599500000000        6.00865833333333      -8.172526991931035E-002
   3.60599500000000        6.30899125000000      -7.768348601140951E-002
   3.60599500000000        6.60932416666667      -7.394251732515879E-002
   3.60599500000000        6.90965708333333      -6.920872972522042E-002
   3.60599500000000        7.20999000000000      -6.476983873011080E-002
   3.90632791666667       2.000000000000000E-003 -0.209824778463283     
   3.90632791666667       0.302332916666667      -0.204832569577852     
   3.90632791666667       0.602665833333333      -0.198920449756975     
   3.90632791666667       0.902998750000000      -0.193581696925254     
   3.90632791666667        1.20333166666667      -0.187963007423289     
   3.90632791666667        1.50366458333333      -0.181734046425485     
   3.90632791666667        1.80399750000000      -0.174880756566815     
   3.90632791666667        2.10433041666667      -0.167631669727163     
   3.90632791666667        2.40466333333333      -0.160063893593226     
   3.90632791666667        2.70499625000000      -0.152264163411711     
   3.90632791666667        3.00532916666667      -0.144362446138891     
   3.90632791666667        3.30566208333333      -0.136503763026847     
   3.90632791666667        3.60599500000000      -0.128805503061679     
   3.90632791666667        3.90632791666667      -0.121328852185535     
   3.90632791666667        4.20666083333333      -0.114087447093775     
   3.90632791666667        4.50699375000000      -0.107099407896796     
   3.90632791666667        4.80732666666667      -0.100419378444635     
   3.90632791666667        5.10765958333333      -9.412511190925289E-002
   3.90632791666667        5.40799250000000      -8.828891165186784E-002
   3.90632791666667        5.70832541666667      -8.297257990343428E-002
   3.90632791666667        6.00865833333333      -7.827668008039644E-002
   3.90632791666667        6.30899125000000      -7.427191716410410E-002
   3.90632791666667        6.60932416666667      -7.035199823410734E-002
   3.90632791666667        6.90965708333333      -6.531126139051820E-002
   3.90632791666667        7.20999000000000      -5.985458883808906E-002
   4.20666083333333       2.000000000000000E-003 -0.186915247966974     
   4.20666083333333       0.302332916666667      -0.184212120962409     
   4.20666083333333       0.602665833333333      -0.179468391936478     
   4.20666083333333       0.902998750000000      -0.174970344456204     
   4.20666083333333        1.20333166666667      -0.170640641217566     
   4.20666083333333        1.50366458333333      -0.165739555281161     
   4.20666083333333        1.80399750000000      -0.160279306394404     
   4.20666083333333        2.10433041666667      -0.154371449846914     
   4.20666083333333        2.40466333333333      -0.148056714561819     
   4.20666083333333        2.70499625000000      -0.141402712442086     
   4.20666083333333        3.00532916666667      -0.134534746323996     
   4.20666083333333        3.30566208333333      -0.127609328012370     
   4.20666083333333        3.60599500000000      -0.120765152334372     
   4.20666083333333        3.90632791666667      -0.114087422110244     
   4.20666083333333        4.20666083333333      -0.107609444130469     
   4.20666083333333        4.50699375000000      -0.101345906255336     
   4.20666083333333        4.80732666666667      -9.532068659290302E-002
   4.20666083333333        5.10765958333333      -8.956924318252385E-002
   4.20666083333333        5.40799250000000      -8.412791203406611E-002
   4.20666083333333        5.70832541666667      -7.903045747057715E-002
   4.20666083333333        6.00865833333333      -7.431159162942337E-002
   4.20666083333333        6.30899125000000      -6.995033614186150E-002
   4.20666083333333        6.60932416666667      -6.555158317886342E-002
   4.20666083333333        6.90965708333333      -6.055707396768948E-002
   4.20666083333333        7.20999000000000      -5.571474797384553E-002
   4.50699375000000       2.000000000000000E-003 -0.168351038906965     
   4.50699375000000       0.302332916666667      -0.166732203932196     
   4.50699375000000       0.602665833333333      -0.163295993377643     
   4.50699375000000       0.902998750000000      -0.159623275149342     
   4.50699375000000        1.20333166666667      -0.155982309383513     
   4.50699375000000        1.50366458333333      -0.151971836226380     
   4.50699375000000        1.80399750000000      -0.147500196266265     
   4.50699375000000        2.10433041666667      -0.142553558754112     
   4.50699375000000        2.40466333333333      -0.137141769282674     
   4.50699375000000        2.70499625000000      -0.131333730047696     
   4.50699375000000        3.00532916666667      -0.125267710465279     
   4.50699375000000        3.30566208333333      -0.119116497575961     
   4.50699375000000        3.60599500000000      -0.113030905481076     
   4.50699375000000        3.90632791666667      -0.107099353939866     
   4.50699375000000        4.20666083333333      -0.101345874755637     
   4.50699375000000        4.50699375000000      -9.575799586129646E-002
   4.50699375000000        4.80732666666667      -9.031895411745207E-002
   4.50699375000000        5.10765958333333      -8.502590037029713E-002
   4.50699375000000        5.40799250000000      -7.989305489663363E-002
   4.50699375000000        5.70832541666667      -7.494749265615165E-002
   4.50699375000000        6.00865833333333      -7.021344444077152E-002
   4.50699375000000        6.30899125000000      -6.565569717262183E-002
   4.50699375000000        6.60932416666667      -6.113229158573522E-002
   4.50699375000000        6.90965708333333      -5.658533773610546E-002
   4.50699375000000        7.20999000000000      -5.246367985497824E-002
   4.80732666666667       2.000000000000000E-003 -0.151977770119865     
   4.80732666666667       0.302332916666667      -0.150979377114498     
   4.80732666666667       0.602665833333333      -0.148698111536098     
   4.80732666666667       0.902998750000000      -0.146038367929318     
   4.80732666666667        1.20333166666667      -0.143109818445367     
   4.80732666666667        1.50366458333333      -0.139792705498688     
   4.80732666666667        1.80399750000000      -0.136009904066189     
   4.80732666666667        2.10433041666667      -0.131731631658670     
   4.80732666666667        2.40466333333333      -0.126978903296804     
   4.80732666666667        2.70499625000000      -0.121840426939950     
   4.80732666666667        3.00532916666667      -0.116465768302250     
   4.80732666666667        3.30566208333333      -0.111024938337193     
   4.80732666666667        3.60599500000000      -0.105653868577952     
   4.80732666666667        3.90632791666667      -0.100419292362203     
   4.80732666666667        4.20666083333333      -9.532061686780730E-002
   4.80732666666667        4.50699375000000      -9.031891202290031E-002
   4.80732666666667        4.80732666666667      -8.537269440477860E-002
   4.80732666666667        5.10765958333333      -8.046313557642108E-002
   4.80732666666667        5.40799250000000      -7.560260552374046E-002
   4.80732666666667        5.70832541666667      -7.082903583447639E-002
   4.80732666666667        6.00865833333333      -6.618937978824105E-002
   4.80732666666667        6.30899125000000      -6.171322115814190E-002
   4.80732666666667        6.60932416666667      -5.739937614500695E-002
   4.80732666666667        6.90965708333333      -5.329844913533360E-002
   4.80732666666667        7.20999000000000      -4.967556641410268E-002
   5.10765958333333       2.000000000000000E-003 -0.137060387113009     
   5.10765958333333       0.302332916666667      -0.136591641417763     
   5.10765958333333       0.602665833333333      -0.135366657305877     
   5.10765958333333       0.902998750000000      -0.133586431428000     
   5.10765958333333        1.20333166666667      -0.131321408928665     
   5.10765958333333        1.50366458333333      -0.128559774710578     
   5.10765958333333        1.80399750000000      -0.125287915719436     
   5.10765958333333        2.10433041666667      -0.121523859947600     
   5.10765958333333        2.40466333333333      -0.117331456722438     
   5.10765958333333        2.70499625000000      -0.112822661834003     
   5.10765958333333        3.00532916666667      -0.108138869278393     
   5.10765958333333        3.30566208333333      -0.103413210926024     
   5.10765958333333        3.60599500000000      -9.873298383658502E-002
   5.10765958333333        3.90632791666667      -9.412499764640136E-002
   5.10765958333333        4.20666083333333      -8.956913386225501E-002
   5.10765958333333        4.50699375000000      -8.502580783807219E-002
   5.10765958333333        4.80732666666667      -8.046307656853732E-002
   5.10765958333333        5.10765958333333      -7.587445790994082E-002
   5.10765958333333        5.40799250000000      -7.128328495700939E-002
   5.10765958333333        5.70832541666667      -6.673590876366356E-002
   5.10765958333333        6.00865833333333      -6.229030794064380E-002
   5.10765958333333        6.30899125000000      -5.800799393133783E-002
   5.10765958333333        6.60932416666667      -5.395812716337664E-002
   5.10765958333333        6.90965708333333      -5.023808265346887E-002
   5.10765958333333        7.20999000000000      -4.697228283547057E-002
   5.40799250000000       2.000000000000000E-003 -0.123688396900482     
   5.40799250000000       0.302332916666667      -0.123526156397599     
   5.40799250000000       0.602665833333333      -0.122971508782887     
   5.40799250000000       0.902998750000000      -0.121876591705648     
   5.40799250000000        1.20333166666667      -0.120176886797382     
   5.40799250000000        1.50366458333333      -0.117884285653490     
   5.40799250000000        1.80399750000000      -0.115052150465249     
   5.40799250000000        2.10433041666667      -0.111767996443181     
   5.40799250000000        2.40466333333333      -0.108146530287211     
   5.40799250000000        2.70499625000000      -0.104312787599743     
   5.40799250000000        3.00532916666667      -0.100374356661058     
   5.40799250000000        3.30566208333333      -9.639214631496663E-002
   5.40799250000000        3.60599500000000      -9.237156928421307E-002
   5.40799250000000        3.90632791666667      -8.828878333444740E-002
   5.40799250000000        4.20666083333333      -8.412776762973255E-002
   5.40799250000000        4.50699375000000      -7.989290430021702E-002
   5.40799250000000        4.80732666666667      -7.560246607691720E-002
   5.40799250000000        5.10765958333333      -7.128318663484584E-002
   5.40799250000000        5.40799250000000      -6.696745171824411E-002
   5.40799250000000        5.70832541666667      -6.268978220163846E-002
   5.40799250000000        6.00865833333333      -5.848789391483563E-002
   5.40799250000000        6.30899125000000      -5.441349279749445E-002
   5.40799250000000        6.60932416666667      -5.055663540003365E-002
   5.40799250000000        6.90965708333333      -4.704373610574696E-002
   5.40799250000000        7.20999000000000      -4.399533983310843E-002
   5.70832541666667       2.000000000000000E-003 -0.110447053614685     
   5.70832541666667       0.302332916666667      -0.110758171409005     
   5.70832541666667       0.602665833333333      -0.111046033437924     
   5.70832541666667       0.902998750000000      -0.110722401720219     
   5.70832541666667        1.20333166666667      -0.109571552601245     
   5.70832541666667        1.50366458333333      -0.107711959520864     
   5.70832541666667        1.80399750000000      -0.105309217947459     
   5.70832541666667        2.10433041666667      -0.102522625625677     
   5.70832541666667        2.40466333333333      -9.951097343569321E-002
   5.70832541666667        2.70499625000000      -9.640337812002459E-002
   5.70832541666667        3.00532916666667      -9.326321026322668E-002
   5.70832541666667        3.30566208333333      -9.005515321938119E-002
   5.70832541666667        3.60599500000000      -8.665759206872749E-002
   5.70832541666667        3.90632791666667      -8.297245912623372E-002
   5.70832541666667        4.20666083333333      -7.903028684531349E-002
   5.70832541666667        4.50699375000000      -7.494727398512177E-002
   5.70832541666667        4.80732666666667      -7.082879224783449E-002
   5.70832541666667        5.10765958333333      -6.673565996701213E-002
   5.70832541666667        5.40799250000000      -6.268958533273113E-002
   5.70832541666667        5.70832541666667      -5.868413084833508E-002
   5.70832541666667        6.00865833333333      -5.470699734641372E-002
   5.70832541666667        6.30899125000000      -5.078271317878297E-002
   5.70832541666667        6.60932416666667      -4.697994068339911E-002
   5.70832541666667        6.90965708333333      -4.346148099986900E-002
   5.70832541666667        7.20999000000000      -4.057451862565348E-002
   6.00865833333333       2.000000000000000E-003 -9.682305996220847E-002
   6.00865833333333       0.302332916666667      -9.792505423037165E-002
   6.00865833333333       0.602665833333333      -9.959677966654078E-002
   6.00865833333333       0.902998750000000      -0.100239781966647     
   6.00865833333333        1.20333166666667      -9.965106336235681E-002
   6.00865833333333        1.50366458333333      -9.820394601555589E-002
   6.00865833333333        1.80399750000000      -9.622686774153394E-002
   6.00865833333333        2.10433041666667      -9.393834166672764E-002
   6.00865833333333        2.40466333333333      -9.152623878819052E-002
   6.00865833333333        2.70499625000000      -8.913303318913324E-002
   6.00865833333333        3.00532916666667      -8.681911302122897E-002
   6.00865833333333        3.30566208333333      -8.447391967686518E-002
   6.00865833333333        3.60599500000000      -8.172632908257912E-002
   6.00865833333333        3.90632791666667      -7.827648701487634E-002
   6.00865833333333        4.20666083333333      -7.431135581304833E-002
   6.00865833333333        4.50699375000000      -7.021314225723052E-002
   6.00865833333333        4.80732666666667      -6.618901613567781E-002
   6.00865833333333        5.10765958333333      -6.228986171266979E-002
   6.00865833333333        5.40799250000000      -5.848736437673137E-002
   6.00865833333333        5.70832541666667      -5.470657996901702E-002
   6.00865833333333        6.00865833333333      -5.087480486667485E-002
   6.00865833333333        6.30899125000000      -4.696614555502566E-002
   6.00865833333333        6.60932416666667      -4.294111158518796E-002
   6.00865833333333        6.90965708333333      -3.899727195317581E-002
   6.00865833333333        7.20999000000000      -3.593815684851423E-002
   6.30899125000000       2.000000000000000E-003 -8.298398440844068E-002
   6.30899125000000       0.302332916666667      -8.570658443107032E-002
   6.30899125000000       0.602665833333333      -8.937251144717390E-002
   6.30899125000000       0.902998750000000      -9.074689418189047E-002
   6.30899125000000        1.20333166666667      -9.056296204173768E-002
   6.30899125000000        1.50366458333333      -8.951966024554434E-002
   6.30899125000000        1.80399750000000      -8.794935107523431E-002
   6.30899125000000        2.10433041666667      -8.611382624400958E-002
   6.30899125000000        2.40466333333333      -8.419844146645641E-002
   6.30899125000000        2.70499625000000      -8.237481199054127E-002
   6.30899125000000        3.00532916666667      -8.091660096028362E-002
   6.30899125000000        3.30566208333333      -7.966692423572978E-002
   6.30899125000000        3.60599500000000      -7.768646829279799E-002
   6.30899125000000        3.90632791666667      -7.427169584587293E-002
   6.30899125000000        4.20666083333333      -6.994950712683877E-002
   6.30899125000000        4.50699375000000      -6.565735102498332E-002
   6.30899125000000        4.80732666666667      -6.171272486229145E-002
   6.30899125000000        5.10765958333333      -5.800735697117245E-002
   6.30899125000000        5.40799250000000      -5.441248119682345E-002
   6.30899125000000        5.70832541666667      -5.078187125784266E-002
   6.30899125000000        6.00865833333333      -4.696609061028883E-002
   6.30899125000000        6.30899125000000      -4.286238594184794E-002
   6.30899125000000        6.60932416666667      -3.830479042280534E-002
   6.30899125000000        6.90965708333333      -3.326608447086794E-002
   6.30899125000000        7.20999000000000      -2.938276764123736E-002
   6.60932416666667       2.000000000000000E-003 -7.028742142081577E-002
   6.60932416666667       0.302332916666667      -7.623060687586464E-002
   6.60932416666667       0.602665833333333      -8.095506207104869E-002
   6.60932416666667       0.902998750000000      -8.197409028352197E-002
   6.60932416666667        1.20333166666667      -8.213506426601139E-002
   6.60932416666667        1.50366458333333      -8.164627716585965E-002
   6.60932416666667        1.80399750000000      -8.051969393038748E-002
   6.60932416666667        2.10433041666667      -7.905336183542107E-002
   6.60932416666667        2.40466333333333      -7.744143852419651E-002
   6.60932416666667        2.70499625000000      -7.595719072947847E-002
   6.60932416666667        3.00532916666667      -7.521229097664471E-002
   6.60932416666667        3.30566208333333      -7.506336620715968E-002
   6.60932416666667        3.60599500000000      -7.394510789666751E-002
   6.60932416666667        3.90632791666667      -7.035178142010665E-002
   6.60932416666667        4.20666083333333      -6.555825651218584E-002
   6.60932416666667        4.50699375000000      -6.113113423136032E-002
   6.60932416666667        4.80732666666667      -5.739881191610315E-002
   6.60932416666667        5.10765958333333      -5.395749192885996E-002
   6.60932416666667        5.40799250000000      -5.055539313134060E-002
   6.60932416666667        5.70832541666667      -4.697885489035323E-002
   6.60932416666667        6.00865833333333      -4.294051182410278E-002
   6.60932416666667        6.30899125000000      -3.830492298738086E-002
   6.60932416666667        6.60932416666667      -3.306502244727060E-002
   6.60932416666667        6.90965708333333      -2.675444820175955E-002
   6.60932416666667        7.20999000000000      -2.116099639030170E-002
   6.90965708333333       2.000000000000000E-003 -6.287483359008911E-002
   6.90965708333333       0.302332916666667      -7.014585268056067E-002
   6.90965708333333       0.602665833333333      -7.126234110373679E-002
   6.90965708333333       0.902998750000000      -7.266679647169851E-002
   6.90965708333333        1.20333166666667      -7.415057827012202E-002
   6.90965708333333        1.50366458333333      -7.455357493902826E-002
   6.90965708333333        1.80399750000000      -7.392594282936851E-002
   6.90965708333333        2.10433041666667      -7.274471328687053E-002
   6.90965708333333        2.40466333333333      -7.125583995593543E-002
   6.90965708333333        2.70499625000000      -6.991150776327096E-002
   6.90965708333333        3.00532916666667      -6.928584734945274E-002
   6.90965708333333        3.30566208333333      -6.953117103878301E-002
   6.90965708333333        3.60599500000000      -6.921006653420064E-002
   6.90965708333333        3.90632791666667      -6.531187332644986E-002
   6.90965708333333        4.20666083333333      -6.055651966876492E-002
   6.90965708333333        4.50699375000000      -5.658488812751441E-002
   6.90965708333333        4.80732666666667      -5.329799799673634E-002
   6.90965708333333        5.10765958333333      -5.023823469582113E-002
   6.90965708333333        5.40799250000000      -4.704388111585554E-002
   6.90965708333333        5.70832541666667      -4.346185870507873E-002
   6.90965708333333        6.00865833333333      -3.899789229876188E-002
   6.90965708333333        6.30899125000000      -3.326567025207077E-002
   6.90965708333333        6.60932416666667      -2.675363901630579E-002
   6.90965708333333        6.90965708333333      -2.138508533424145E-002
   6.90965708333333        7.20999000000000      -1.611687725015271E-002
   7.20999000000000       2.000000000000000E-003 -6.106561564579532E-002
   7.20999000000000       0.302332916666667      -5.875828868261083E-002
   7.20999000000000       0.602665833333333      -5.988007411346240E-002
   7.20999000000000       0.902998750000000      -6.437649285454870E-002
   7.20999000000000        1.20333166666667      -6.741408524455389E-002
   7.20999000000000        1.50366458333333      -6.851944257588574E-002
   7.20999000000000        1.80399750000000      -6.820239138830858E-002
   7.20999000000000        2.10433041666667      -6.722800344049558E-002
   7.20999000000000        2.40466333333333      -6.588893936492611E-002
   7.20999000000000        2.70499625000000      -6.463097529802474E-002
   7.20999000000000        3.00532916666667      -6.385036218200646E-002
   7.20999000000000        3.30566208333333      -6.392093451515377E-002
   7.20999000000000        3.60599500000000      -6.476997996467231E-002
   7.20999000000000        3.90632791666667      -5.985157762257224E-002
   7.20999000000000        4.20666083333333      -5.570813952682820E-002
   7.20999000000000        4.50699375000000      -5.245738303272948E-002
   7.20999000000000        4.80732666666667      -4.967210518386008E-002
   7.20999000000000        5.10765958333333      -4.697506736319073E-002
   7.20999000000000        5.40799250000000      -4.401833068166607E-002
   7.20999000000000        5.70832541666667      -4.056710952590503E-002
   7.20999000000000        6.00865833333333      -3.590495349240103E-002
   7.20999000000000        6.30899125000000      -2.938478223547318E-002
   7.20999000000000        6.60932416666667      -2.119948041119807E-002
   7.20999000000000        6.90965708333333      -1.612264418344781E-002
   7.20999000000000        7.20999000000000      -1.430131435767354E-002
