  2.000000000000000E-003  2.000000000000000E-003 -0.191592934100146     
  2.000000000000000E-003  0.302332916666667      -0.203313877661553     
  2.000000000000000E-003  0.602665833333333      -0.204131952723131     
  2.000000000000000E-003  0.902998750000000      -0.198976799248303     
  2.000000000000000E-003   1.20333166666667      -0.193278667512171     
  2.000000000000000E-003   1.50366458333333      -0.188372879343784     
  2.000000000000000E-003   1.80399750000000      -0.184601365638769     
  2.000000000000000E-003   2.10433041666667      -0.182591111493812     
  2.000000000000000E-003   2.40466333333333      -0.182068431489062     
  2.000000000000000E-003   2.70499625000000      -0.182762470995494     
  2.000000000000000E-003   3.00532916666667      -0.182849676728808     
  2.000000000000000E-003   3.30566208333333      -0.178872854046338     
  2.000000000000000E-003   3.60599500000000      -0.171694039000368     
  2.000000000000000E-003   3.90632791666667      -0.165904516158103     
  2.000000000000000E-003   4.20666083333333      -0.157908277093339     
  2.000000000000000E-003   4.50699375000000      -0.146321126211863     
  2.000000000000000E-003   4.80732666666667      -0.134852882315257     
  2.000000000000000E-003   5.10765958333333      -0.125351742408718     
  2.000000000000000E-003   5.40799250000000      -0.117995417165710     
  2.000000000000000E-003   5.70832541666667      -0.112533305469160     
  2.000000000000000E-003   6.00865833333333      -0.108810555293598     
  2.000000000000000E-003   6.30899125000000      -0.106551685362113     
  2.000000000000000E-003   6.60932416666667      -0.104835650236841     
  2.000000000000000E-003   6.90965708333333      -0.100245224383449     
  2.000000000000000E-003   7.20999000000000      -9.230755648782475E-002
  0.302332916666667       2.000000000000000E-003 -0.219764016284289     
  0.302332916666667       0.302332916666667      -0.207058743752965     
  0.302332916666667       0.602665833333333      -0.209099452185496     
  0.302332916666667       0.902998750000000      -0.211562122846006     
  0.302332916666667        1.20333166666667      -0.209567724010541     
  0.302332916666667        1.50366458333333      -0.206125750439644     
  0.302332916666667        1.80399750000000      -0.202924612084243     
  0.302332916666667        2.10433041666667      -0.200764320351994     
  0.302332916666667        2.40466333333333      -0.199488626330358     
  0.302332916666667        2.70499625000000      -0.198459601474662     
  0.302332916666667        3.00532916666667      -0.195560873464903     
  0.302332916666667        3.30566208333333      -0.188222829965997     
  0.302332916666667        3.60599500000000      -0.178616820818877     
  0.302332916666667        3.90632791666667      -0.172177924060801     
  0.302332916666667        4.20666083333333      -0.164411771511737     
  0.302332916666667        4.50699375000000      -0.153703311194465     
  0.302332916666667        4.80732666666667      -0.142744386271011     
  0.302332916666667        5.10765958333333      -0.133223494514352     
  0.302332916666667        5.40799250000000      -0.125348233299078     
  0.302332916666667        5.70832541666667      -0.119167986597567     
  0.302332916666667        6.00865833333333      -0.114310790849244     
  0.302332916666667        6.30899125000000      -0.110320244004747     
  0.302332916666667        6.60932416666667      -0.106062597710799     
  0.302332916666667        6.90965708333333      -0.100405651668794     
  0.302332916666667        7.20999000000000      -9.599802027732843E-002
  0.602665833333333       2.000000000000000E-003 -0.234210310629459     
  0.602665833333333       0.302332916666667      -0.226855610667913     
  0.602665833333333       0.602665833333333      -0.222637379917849     
  0.602665833333333       0.902998750000000      -0.225475700158809     
  0.602665833333333        1.20333166666667      -0.226446611775087     
  0.602665833333333        1.50366458333333      -0.225193905340182     
  0.602665833333333        1.80399750000000      -0.223067291935220     
  0.602665833333333        2.10433041666667      -0.221005252833088     
  0.602665833333333        2.40466333333333      -0.218802562365474     
  0.602665833333333        2.70499625000000      -0.215734100783030     
  0.602665833333333        3.00532916666667      -0.209932941694453     
  0.602665833333333        3.30566208333333      -0.200136000711550     
  0.602665833333333        3.60599500000000      -0.188776927198092     
  0.602665833333333        3.90632791666667      -0.179509706344921     
  0.602665833333333        4.20666083333333      -0.170627274639108     
  0.602665833333333        4.50699375000000      -0.160555165507571     
  0.602665833333333        4.80732666666667      -0.150401777615740     
  0.602665833333333        5.10765958333333      -0.141025989552312     
  0.602665833333333        5.40799250000000      -0.132681201141212     
  0.602665833333333        5.70832541666667      -0.125558991066440     
  0.602665833333333        6.00865833333333      -0.119335894295566     
  0.602665833333333        6.30899125000000      -0.113577148234050     
  0.602665833333333        6.60932416666667      -0.107832175379857     
  0.602665833333333        6.90965708333333      -0.102442006715215     
  0.602665833333333        7.20999000000000      -9.715539765207047E-002
  0.902998750000000       2.000000000000000E-003 -0.233608567261013     
  0.902998750000000       0.302332916666667      -0.237922007095100     
  0.902998750000000       0.602665833333333      -0.238961282531927     
  0.902998750000000       0.902998750000000      -0.242309184152122     
  0.902998750000000        1.20333166666667      -0.245009547899336     
  0.902998750000000        1.50366458333333      -0.245808037139875     
  0.902998750000000        1.80399750000000      -0.244998434564996     
  0.902998750000000        2.10433041666667      -0.243328119686589     
  0.902998750000000        2.40466333333333      -0.240422675371702     
  0.902998750000000        2.70499625000000      -0.235617282897095     
  0.902998750000000        3.00532916666667      -0.228037565142927     
  0.902998750000000        3.30566208333333      -0.217150610370971     
  0.902998750000000        3.60599500000000      -0.204449280501831     
  0.902998750000000        3.90632791666667      -0.192095368187203     
  0.902998750000000        4.20666083333333      -0.180482228523807     
  0.902998750000000        4.50699375000000      -0.169343747899897     
  0.902998750000000        4.80732666666667      -0.158819401245819     
  0.902998750000000        5.10765958333333      -0.149023826625367     
  0.902998750000000        5.40799250000000      -0.140004926809053     
  0.902998750000000        5.70832541666667      -0.131835614971678     
  0.902998750000000        6.00865833333333      -0.124310739403289     
  0.902998750000000        6.30899125000000      -0.117237180067231     
  0.902998750000000        6.60932416666667      -0.110620278271735     
  0.902998750000000        6.90965708333333      -0.104590241122021     
  0.902998750000000        7.20999000000000      -9.818179839836479E-002
   1.20333166666667       2.000000000000000E-003 -0.234689771680711     
   1.20333166666667       0.302332916666667      -0.245317619269700     
   1.20333166666667       0.602665833333333      -0.253113157582305     
   1.20333166666667       0.902998750000000      -0.260077713704520     
   1.20333166666667        1.20333166666667      -0.265702582023455     
   1.20333166666667        1.50366458333333      -0.268619006807657     
   1.20333166666667        1.80399750000000      -0.269264973241328     
   1.20333166666667        2.10433041666667      -0.267938931415174     
   1.20333166666667        2.40466333333333      -0.264248526900286     
   1.20333166666667        2.70499625000000      -0.257882351013927     
   1.20333166666667        3.00532916666667      -0.248609386832188     
   1.20333166666667        3.30566208333333      -0.236483270951038     
   1.20333166666667        3.60599500000000      -0.222292260382329     
   1.20333166666667        3.90632791666667      -0.207455415025915     
   1.20333166666667        4.20666083333333      -0.193149829225602     
   1.20333166666667        4.50699375000000      -0.179964937904105     
   1.20333166666667        4.80732666666667      -0.168061650777528     
   1.20333166666667        5.10765958333333      -0.157268224113180     
   1.20333166666667        5.40799250000000      -0.147268281516801     
   1.20333166666667        5.70832541666667      -0.137900879577175     
   1.20333166666667        6.00865833333333      -0.129050765935828     
   1.20333166666667        6.30899125000000      -0.120748818241201     
   1.20333166666667        6.60932416666667      -0.113075414125117     
   1.20333166666667        6.90965708333333      -0.106047155959626     
   1.20333166666667        7.20999000000000      -9.895810736418581E-002
   1.50366458333333       2.000000000000000E-003 -0.241777137805222     
   1.50366458333333       0.302332916666667      -0.256474295342048     
   1.50366458333333       0.602665833333333      -0.269386714911833     
   1.50366458333333       0.902998750000000      -0.280810657274421     
   1.50366458333333        1.20333166666667      -0.289847385665657     
   1.50366458333333        1.50366458333333      -0.295437651354225     
   1.50366458333333        1.80399750000000      -0.297400352217302     
   1.50366458333333        2.10433041666667      -0.295614182288419     
   1.50366458333333        2.40466333333333      -0.290293182027012     
   1.50366458333333        2.70499625000000      -0.281822073099096     
   1.50366458333333        3.00532916666667      -0.270489666742857     
   1.50366458333333        3.30566208333333      -0.256556170798953     
   1.50366458333333        3.60599500000000      -0.240585206546803     
   1.50366458333333        3.90632791666667      -0.223613747086432     
   1.50366458333333        4.20666083333333      -0.206900362035258     
   1.50366458333333        4.50699375000000      -0.191469207117658     
   1.50366458333333        4.80732666666667      -0.177762988644541     
   1.50366458333333        5.10765958333333      -0.165583682267959     
   1.50366458333333        5.40799250000000      -0.154384933224160     
   1.50366458333333        5.70832541666667      -0.143727357318684     
   1.50366458333333        6.00865833333333      -0.133540675441130     
   1.50366458333333        6.30899125000000      -0.123945847352767     
   1.50366458333333        6.60932416666667      -0.115167676987305     
   1.50366458333333        6.90965708333333      -0.107260571685085     
   1.50366458333333        7.20999000000000      -0.100018569524424     
   1.80399750000000       2.000000000000000E-003 -0.256831417241773     
   1.80399750000000       0.302332916666667      -0.274790143219804     
   1.80399750000000       0.602665833333333      -0.291984548388143     
   1.80399750000000       0.902998750000000      -0.307901550097658     
   1.80399750000000        1.20333166666667      -0.320848516725331     
   1.80399750000000        1.50366458333333      -0.329055914020229     
   1.80399750000000        1.80399750000000      -0.331334315003784     
   1.80399750000000        2.10433041666667      -0.327651584099579     
   1.80399750000000        2.40466333333333      -0.319083042955279     
   1.80399750000000        2.70499625000000      -0.307086126678365     
   1.80399750000000        3.00532916666667      -0.292723575851321     
   1.80399750000000        3.30566208333333      -0.276451177026038     
   1.80399750000000        3.60599500000000      -0.258533043206085     
   1.80399750000000        3.90632791666667      -0.239583260924456     
   1.80399750000000        4.20666083333333      -0.220696120429312     
   1.80399750000000        4.50699375000000      -0.203063947592560     
   1.80399750000000        4.80732666666667      -0.187402986476260     
   1.80399750000000        5.10765958333333      -0.173648550788622     
   1.80399750000000        5.40799250000000      -0.161167231395873     
   1.80399750000000        5.70832541666667      -0.149310157757589     
   1.80399750000000        6.00865833333333      -0.137862661949461     
   1.80399750000000        6.30899125000000      -0.127063668877273     
   1.80399750000000        6.60932416666667      -0.117275184409654     
   1.80399750000000        6.90965708333333      -0.108651832618944     
   1.80399750000000        7.20999000000000      -0.101068309599284     
   2.10433041666667       2.000000000000000E-003 -0.280962647736651     
   2.10433041666667       0.302332916666667      -0.302384933810183     
   2.10433041666667       0.602665833333333      -0.323702737791906     
   2.10433041666667       0.902998750000000      -0.344035638830572     
   2.10433041666667        1.20333166666667      -0.360834445401684     
   2.10433041666667        1.50366458333333      -0.370991664410920     
   2.10433041666667        1.80399750000000      -0.372389149884926     
   2.10433041666667        2.10433041666667      -0.365085960528653     
   2.10433041666667        2.40466333333333      -0.351229356543977     
   2.10433041666667        2.70499625000000      -0.333752017815672     
   2.10433041666667        3.00532916666667      -0.314859836289749     
   2.10433041666667        3.30566208333333      -0.295375269266909     
   2.10433041666667        3.60599500000000      -0.275226759399835     
   2.10433041666667        3.90632791666667      -0.254423437019741     
   2.10433041666667        4.20666083333333      -0.233631356431703     
   2.10433041666667        4.50699375000000      -0.213992024221203     
   2.10433041666667        4.80732666666667      -0.196431986017465     
   2.10433041666667        5.10765958333333      -0.181092686988171     
   2.10433041666667        5.40799250000000      -0.167366415888153     
   2.10433041666667        5.70832541666667      -0.154468204788458     
   2.10433041666667        6.00865833333333      -0.142040168622090     
   2.10433041666667        6.30899125000000      -0.130312739381133     
   2.10433041666667        6.60932416666667      -0.119758658630529     
   2.10433041666667        6.90965708333333      -0.110599172869394     
   2.10433041666667        7.20999000000000      -0.102584816520394     
   2.40466333333333       2.000000000000000E-003 -0.314944421821838     
   2.40466333333333       0.302332916666667      -0.340301707077121     
   2.40466333333333       0.602665833333333      -0.365730039319299     
   2.40466333333333       0.902998750000000      -0.389895133295293     
   2.40466333333333        1.20333166666667      -0.409556292903657     
   2.40466333333333        1.50366458333333      -0.420599824622836     
   2.40466333333333        1.80399750000000      -0.419880618885119     
   2.40466333333333        2.10433041666667      -0.407377144939952     
   2.40466333333333        2.40466333333333      -0.386364949035574     
   2.40466333333333        2.70499625000000      -0.361526546992551     
   2.40466333333333        3.00532916666667      -0.336545488665372     
   2.40466333333333        3.30566208333333      -0.312839589945545     
   2.40466333333333        3.60599500000000      -0.290040429337187     
   2.40466333333333        3.90632791666667      -0.267417751361129     
   2.40466333333333        4.20666083333333      -0.244984078115859     
   2.40466333333333        4.50699375000000      -0.223624923301837     
   2.40466333333333        4.80732666666667      -0.204372284022700     
   2.40466333333333        5.10765958333333      -0.187582063514821     
   2.40466333333333        5.40799250000000      -0.172744657916417     
   2.40466333333333        5.70832541666667      -0.159005140778246     
   2.40466333333333        6.00865833333333      -0.145877274803834     
   2.40466333333333        6.30899125000000      -0.133542350923266     
   2.40466333333333        6.60932416666667      -0.122531664125593     
   2.40466333333333        6.90965708333333      -0.113101782187126     
   2.40466333333333        7.20999000000000      -0.104861249969687     
   2.70499625000000       2.000000000000000E-003 -0.360543638419928     
   2.70499625000000       0.302332916666667      -0.389969365312657     
   2.70499625000000       0.602665833333333      -0.419561649961197     
   2.70499625000000       0.902998750000000      -0.445788806700528     
   2.70499625000000        1.20333166666667      -0.464438917082715     
   2.70499625000000        1.50366458333333      -0.474100598523612     
   2.70499625000000        1.80399750000000      -0.469980403481148     
   2.70499625000000        2.10433041666667      -0.451292096116166     
   2.70499625000000        2.40466333333333      -0.422125146417975     
   2.70499625000000        2.70499625000000      -0.388884481355646     
   2.70499625000000        3.00532916666667      -0.356871544741725     
   2.70499625000000        3.30566208333333      -0.328281699137962     
   2.70499625000000        3.60599500000000      -0.302534508028283     
   2.70499625000000        3.90632791666667      -0.278114764663172     
   2.70499625000000        4.20666083333333      -0.254275331074592     
   2.70499625000000        4.50699375000000      -0.231517549455221     
   2.70499625000000        4.80732666666667      -0.210869285712742     
   2.70499625000000        5.10765958333333      -0.192861151698203     
   2.70499625000000        5.40799250000000      -0.177110423632808     
   2.70499625000000        5.70832541666667      -0.162741390043671     
   2.70499625000000        6.00865833333333      -0.149165723827430     
   2.70499625000000        6.30899125000000      -0.136516242144804     
   2.70499625000000        6.60932416666667      -0.125421279096423     
   2.70499625000000        6.90965708333333      -0.116120117351777     
   2.70499625000000        7.20999000000000      -0.107928092807443     
   3.00532916666667       2.000000000000000E-003 -0.410075581363961     
   3.00532916666667       0.302332916666667      -0.443179208553812     
   3.00532916666667       0.602665833333333      -0.476362305388439     
   3.00532916666667       0.902998750000000      -0.506313392009332     
   3.00532916666667        1.20333166666667      -0.519809997285431     
   3.00532916666667        1.50366458333333      -0.524225121658436     
   3.00532916666667        1.80399750000000      -0.515649223863863     
   3.00532916666667        2.10433041666667      -0.490837484937188     
   3.00532916666667        2.40466333333333      -0.453968799690085     
   3.00532916666667        2.70499625000000      -0.412795900767956     
   3.00532916666667        3.00532916666667      -0.374082861847813     
   3.00532916666667        3.30566208333333      -0.340819993118753     
   3.00532916666667        3.60599500000000      -0.312279820186074     
   3.00532916666667        3.90632791666667      -0.286220459551762     
   3.00532916666667        4.20666083333333      -0.261210180169156     
   3.00532916666667        4.50699375000000      -0.237378119352749     
   3.00532916666667        4.80732666666667      -0.215678304717842     
   3.00532916666667        5.10765958333333      -0.196749709581919     
   3.00532916666667        5.40799250000000      -0.180322071134322     
   3.00532916666667        5.70832541666667      -0.165522252422964     
   3.00532916666667        6.00865833333333      -0.151680872301999     
   3.00532916666667        6.30899125000000      -0.138920746676172     
   3.00532916666667        6.60932416666667      -0.127915778095768     
   3.00532916666667        6.90965708333333      -0.118949173499552     
   3.00532916666667        7.20999000000000      -0.111081886797192     
   3.30566208333333       2.000000000000000E-003 -0.441968111706895     
   3.30566208333333       0.302332916666667      -0.480263804309169     
   3.30566208333333       0.602665833333333      -0.519309228754261     
   3.30566208333333       0.902998750000000      -0.553263927629201     
   3.30566208333333        1.20333166666667      -0.564716412509508     
   3.30566208333333        1.50366458333333      -0.561016239557621     
   3.30566208333333        1.80399750000000      -0.548143578064186     
   3.30566208333333        2.10433041666667      -0.518690553273252     
   3.30566208333333        2.40466333333333      -0.476258748779605     
   3.30566208333333        2.70499625000000      -0.429384631803401     
   3.30566208333333        3.00532916666667      -0.385850050035947     
   3.30566208333333        3.30566208333333      -0.349237237863088     
   3.30566208333333        3.60599500000000      -0.318692249276116     
   3.30566208333333        3.90632791666667      -0.291414800388829     
   3.30566208333333        4.20666083333333      -0.265548227870614     
   3.30566208333333        4.50699375000000      -0.240996089879829     
   3.30566208333333        4.80732666666667      -0.218628415701693     
   3.30566208333333        5.10765958333333      -0.199125423633035     
   3.30566208333333        5.40799250000000      -0.182282990760135     
   3.30566208333333        5.70832541666667      -0.167231237305396     
   3.30566208333333        6.00865833333333      -0.153229346865150     
   3.30566208333333        6.30899125000000      -0.140417132974801     
   3.30566208333333        6.60932416666667      -0.129293928105543     
   3.30566208333333        6.90965708333333      -0.120427354154274     
   3.30566208333333        7.20999000000000      -0.112857160440831     
   3.60599500000000       2.000000000000000E-003 -0.441834247936180     
   3.60599500000000       0.302332916666667      -0.489230765682042     
   3.60599500000000       0.602665833333333      -0.534299231697457     
   3.60599500000000       0.902998750000000      -0.570863342091594     
   3.60599500000000        1.20333166666667      -0.582157182163362     
   3.60599500000000        1.50366458333333      -0.574707012312598     
   3.60599500000000        1.80399750000000      -0.559966963707870     
   3.60599500000000        2.10433041666667      -0.528761807114887     
   3.60599500000000        2.40466333333333      -0.484294370306520     
   3.60599500000000        2.70499625000000      -0.435344783653158     
   3.60599500000000        3.00532916666667      -0.390060990883944     
   3.60599500000000        3.30566208333333      -0.352245518979290     
   3.60599500000000        3.60599500000000      -0.320980725595596     
   3.60599500000000        3.90632791666667      -0.293235733838285     
   3.60599500000000        4.20666083333333      -0.267033908345275     
   3.60599500000000        4.50699375000000      -0.242217680269578     
   3.60599500000000        4.80732666666667      -0.219618281174078     
   3.60599500000000        5.10765958333333      -0.199920902296549     
   3.60599500000000        5.40799250000000      -0.182940183698394     
   3.60599500000000        5.70832541666667      -0.167806122133622     
   3.60599500000000        6.00865833333333      -0.153752440101222     
   3.60599500000000        6.30899125000000      -0.140898988362285     
   3.60599500000000        6.60932416666667      -0.129614663689353     
   3.60599500000000        6.90965708333333      -0.120689597055187     
   3.60599500000000        7.20999000000000      -0.114091519155505     
   3.90632791666667       2.000000000000000E-003 -0.441969867154733     
   3.90632791666667       0.302332916666667      -0.480098230246951     
   3.90632791666667       0.602665833333333      -0.519151956450352     
   3.90632791666667       0.902998750000000      -0.553164754362361     
   3.90632791666667        1.20333166666667      -0.564664922657844     
   3.90632791666667        1.50366458333333      -0.560989854600380     
   3.90632791666667        1.80399750000000      -0.548128331647343     
   3.90632791666667        2.10433041666667      -0.518680976715250     
   3.90632791666667        2.40466333333333      -0.476251609468888     
   3.90632791666667        2.70499625000000      -0.429377699554297     
   3.90632791666667        3.00532916666667      -0.385841895054029     
   3.90632791666667        3.30566208333333      -0.349227296772414     
   3.90632791666667        3.60599500000000      -0.318680560411440     
   3.90632791666667        3.90632791666667      -0.291401949109432     
   3.90632791666667        4.20666083333333      -0.265535075446940     
   3.90632791666667        4.50699375000000      -0.240983525364231     
   3.90632791666667        4.80732666666667      -0.218617350594680     
   3.90632791666667        5.10765958333333      -0.199116655376952     
   3.90632791666667        5.40799250000000      -0.182277325397182     
   3.90632791666667        5.70832541666667      -0.167229781192225     
   3.90632791666667        6.00865833333333      -0.153234578924454     
   3.90632791666667        6.30899125000000      -0.140433263807474     
   3.90632791666667        6.60932416666667      -0.129323903104515     
   3.90632791666667        6.90965708333333      -0.120466438941770     
   3.90632791666667        7.20999000000000      -0.112889904113042     
   4.20666083333333       2.000000000000000E-003 -0.410083822469694     
   4.20666083333333       0.302332916666667      -0.443030347592757     
   4.20666083333333       0.602665833333333      -0.476187275431116     
   4.20666083333333       0.902998750000000      -0.506188479282367     
   4.20666083333333        1.20333166666667      -0.519741114988259     
   4.20666083333333        1.50366458333333      -0.524186735269923     
   4.20666083333333        1.80399750000000      -0.515626286709431     
   4.20666083333333        2.10433041666667      -0.490822109842310     
   4.20666083333333        2.40466333333333      -0.453955710839617     
   4.20666083333333        2.70499625000000      -0.412781572287711     
   4.20666083333333        3.00532916666667      -0.374065347813249     
   4.20666083333333        3.30566208333333      -0.340798901400591     
   4.20666083333333        3.60599500000000      -0.312255744723192     
   4.20666083333333        3.90632791666667      -0.286194550784179     
   4.20666083333333        4.20666083333333      -0.261183767173187     
   4.20666083333333        4.50699375000000      -0.237352621988207     
   4.20666083333333        4.80732666666667      -0.215655176805653     
   4.20666083333333        5.10765958333333      -0.196730469892443     
   4.20666083333333        5.40799250000000      -0.180308246657987     
   4.20666083333333        5.70832541666667      -0.165515720295023     
   4.20666083333333        6.00865833333333      -0.151684928481936     
   4.20666083333333        6.30899125000000      -0.138941329305571     
   4.20666083333333        6.60932416666667      -0.127956135202815     
   4.20666083333333        6.90965708333333      -0.119004618440927     
   4.20666083333333        7.20999000000000      -0.111137787546983     
   4.50699375000000       2.000000000000000E-003 -0.360555874528255     
   4.50699375000000       0.302332916666667      -0.389884105085858     
   4.50699375000000       0.602665833333333      -0.419444749261685     
   4.50699375000000       0.902998750000000      -0.445698035538128     
   4.50699375000000        1.20333166666667      -0.464382522293553     
   4.50699375000000        1.50366458333333      -0.474066806413611     
   4.50699375000000        1.80399750000000      -0.469959014613506     
   4.50699375000000        2.10433041666667      -0.451274993881241     
   4.50699375000000        2.40466333333333      -0.422106373053076     
   4.50699375000000        2.70499625000000      -0.388860643733334     
   4.50699375000000        3.00532916666667      -0.356841840859456     
   4.50699375000000        3.30566208333333      -0.328247194150124     
   4.50699375000000        3.60599500000000      -0.302496860370062     
   4.50699375000000        3.90632791666667      -0.278075529235792     
   4.50699375000000        4.20666083333333      -0.254235710773958     
   4.50699375000000        4.50699375000000      -0.231478711439440     
   4.50699375000000        4.80732666666667      -0.210832789438706     
   4.50699375000000        5.10765958333333      -0.192828986351884     
   4.50699375000000        5.40799250000000      -0.177084837793544     
   4.50699375000000        5.70832541666667      -0.162724842901520     
   4.50699375000000        6.00865833333333      -0.149161173687787     
   4.50699375000000        6.30899125000000      -0.136527963435718     
   4.50699375000000        6.60932416666667      -0.125452392702874     
   4.50699375000000        6.90965708333333      -0.116166125630376     
   4.50699375000000        7.20999000000000      -0.107977976987087     
   4.80732666666667       2.000000000000000E-003 -0.314951563796670     
   4.80732666666667       0.302332916666667      -0.340260793032717     
   4.80732666666667       0.602665833333333      -0.365670959007734     
   4.80732666666667       0.902998750000000      -0.389844461495371     
   4.80732666666667        1.20333166666667      -0.409522300796091     
   4.80732666666667        1.50366458333333      -0.420579058631539     
   4.80732666666667        1.80399750000000      -0.419865021082604     
   4.80732666666667        2.10433041666667      -0.407358346897770     
   4.80732666666667        2.40466333333333      -0.386337236925304     
   4.80732666666667        2.70499625000000      -0.361488318951601     
   4.80732666666667        3.00532916666667      -0.336498817889809     
   4.80732666666667        3.30566208333333      -0.312788268112323     
   4.80732666666667        3.60599500000000      -0.289987790617374     
   4.80732666666667        3.90632791666667      -0.267365270632424     
   4.80732666666667        4.20666083333333      -0.244931895081001     
   4.80732666666667        4.50699375000000      -0.223573026489759     
   4.80732666666667        4.80732666666667      -0.204321706648984     
   4.80732666666667        5.10765958333333      -0.187535174125456     
   4.80732666666667        5.40799250000000      -0.172704593906984     
   4.80732666666667        5.70832541666667      -0.158974996162868     
   4.80732666666667        6.00865833333333      -0.145859724029317     
   4.80732666666667        6.30899125000000      -0.133539575559422     
   4.80732666666667        6.60932416666667      -0.122544787706795     
   4.80732666666667        6.90965708333333      -0.113128845994321     
   4.80732666666667        7.20999000000000      -0.104895760910728     
   5.10765958333333       2.000000000000000E-003 -0.280955564989749     
   5.10765958333333       0.302332916666667      -0.302357797419277     
   5.10765958333333       0.602665833333333      -0.323669132851637     
   5.10765958333333       0.902998750000000      -0.344008613366791     
   5.10765958333333        1.20333166666667      -0.360818377647721     
   5.10765958333333        1.50366458333333      -0.370981776967555     
   5.10765958333333        1.80399750000000      -0.372375721847446     
   5.10765958333333        2.10433041666667      -0.365059534072533     
   5.10765958333333        2.40466333333333      -0.351185110980040     
   5.10765958333333        2.70499625000000      -0.333691527963294     
   5.10765958333333        3.00532916666667      -0.314789683885746     
   5.10765958333333        3.30566208333333      -0.295303291916894     
   5.10765958333333        3.60599500000000      -0.275158034722773     
   5.10765958333333        3.90632791666667      -0.254358641034888     
   5.10765958333333        4.20666083333333      -0.233568237923710     
   5.10765958333333        4.50699375000000      -0.213928370348445     
   5.10765958333333        4.80732666666667      -0.196367937873216     
   5.10765958333333        5.10765958333333      -0.181031106874778     
   5.10765958333333        5.40799250000000      -0.167311530448888     
   5.10765958333333        5.70832541666667      -0.154423935826812     
   5.10765958333333        6.00865833333333      -0.142009159881814     
   5.10765958333333        6.30899125000000      -0.130296351062356     
   5.10765958333333        6.60932416666667      -0.119756868720869     
   5.10765958333333        6.90965708333333      -0.110610636423355     
   5.10765958333333        7.20999000000000      -0.102606813508256     
   5.40799250000000       2.000000000000000E-003 -0.256808555996133     
   5.40799250000000       0.302332916666667      -0.274752166064560     
   5.40799250000000       0.602665833333333      -0.291951413519672     
   5.40799250000000       0.902998750000000      -0.307881215758464     
   5.40799250000000        1.20333166666667      -0.320839367463505     
   5.40799250000000        1.50366458333333      -0.329047954568889     
   5.40799250000000        1.80399750000000      -0.331313797326774     
   5.40799250000000        2.10433041666667      -0.327607388424389     
   5.40799250000000        2.40466333333333      -0.319011709073521     
   5.40799250000000        2.70499625000000      -0.306993591800970     
   5.40799250000000        3.00532916666667      -0.292622504755026     
   5.40799250000000        3.30566208333333      -0.276354716052548     
   5.40799250000000        3.60599500000000      -0.258448222249791     
   5.40799250000000        3.90632791666667      -0.239508535920554     
   5.40799250000000        4.20666083333333      -0.220624987311425     
   5.40799250000000        4.50699375000000      -0.202990949387000     
   5.40799250000000        4.80732666666667      -0.187327488320806     
   5.40799250000000        5.10765958333333      -0.173574416098414     
   5.40799250000000        5.40799250000000      -0.161100164390999     
   5.40799250000000        5.70832541666667      -0.149254817580784     
   5.40799250000000        6.00865833333333      -0.137821303673498     
   5.40799250000000        6.30899125000000      -0.127037060149864     
   5.40799250000000        6.60932416666667      -0.117263188245887     
   5.40799250000000        6.90965708333333      -0.108654299835166     
   5.40799250000000        7.20999000000000      -0.101078271190374     
   5.70832541666667       2.000000000000000E-003 -0.241729002028959     
   5.70832541666667       0.302332916666667      -0.256405257743140     
   5.70832541666667       0.602665833333333      -0.269333083575963     
   5.70832541666667       0.902998750000000      -0.280781456124711     
   5.70832541666667        1.20333166666667      -0.289835347915542     
   5.70832541666667        1.50366458333333      -0.295422989932789     
   5.70832541666667        1.80399750000000      -0.297363393815224     
   5.70832541666667        2.10433041666667      -0.295541953591180     
   5.70832541666667        2.40466333333333      -0.290183764619260     
   5.70832541666667        2.70499625000000      -0.281686427517269     
   5.70832541666667        3.00532916666667      -0.270348543125842     
   5.70832541666667        3.30566208333333      -0.256431014774352     
   5.70832541666667        3.60599500000000      -0.240486318792605     
   5.70832541666667        3.90632791666667      -0.223534451038021     
   5.70832541666667        4.20666083333333      -0.206825907940344     
   5.70832541666667        4.50699375000000      -0.191389832138274     
   5.70832541666667        4.80732666666667      -0.177678491084643     
   5.70832541666667        5.10765958333333      -0.165500466035414     
   5.70832541666667        5.40799250000000      -0.154310859578094     
   5.70832541666667        5.70832541666667      -0.143667409105981     
   5.70832541666667        6.00865833333333      -0.133495408903405     
   5.70832541666667        6.30899125000000      -0.123914384479794     
   5.70832541666667        6.60932416666667      -0.115151307594077     
   5.70832541666667        6.90965708333333      -0.107260621145911     
   5.70832541666667        7.20999000000000      -0.100022039253149     
   6.00865833333333       2.000000000000000E-003 -0.234592487022159     
   6.00865833333333       0.302332916666667      -0.245207507896606     
   6.00865833333333       0.602665833333333      -0.253029570104389     
   6.00865833333333       0.902998750000000      -0.260032588928717     
   6.00865833333333        1.20333166666667      -0.265686609960697     
   6.00865833333333        1.50366458333333      -0.268596146063119     
   6.00865833333333        1.80399750000000      -0.269207999606727     
   6.00865833333333        2.10433041666667      -0.267832406944786     
   6.00865833333333        2.40466333333333      -0.264091263908535     
   6.00865833333333        2.70499625000000      -0.257688990610102     
   6.00865833333333        3.00532916666667      -0.248411117753431     
   6.00865833333333        3.30566208333333      -0.236319745416931     
   6.00865833333333        3.60599500000000      -0.222190725379183     
   6.00865833333333        3.90632791666667      -0.207385283516974     
   6.00865833333333        4.20666083333333      -0.193080116087227     
   6.00865833333333        4.50699375000000      -0.179880986367129     
   6.00865833333333        4.80732666666667      -0.167968876042970     
   6.00865833333333        5.10765958333333      -0.157179026786614     
   6.00865833333333        5.40799250000000      -0.147193872629978     
   6.00865833333333        5.70832541666667      -0.137846370937905     
   6.00865833333333        6.00865833333333      -0.129022188544172     
   6.00865833333333        6.30899125000000      -0.120724901604067     
   6.00865833333333        6.60932416666667      -0.113062435159701     
   6.00865833333333        6.90965708333333      -0.106049544694968     
   6.00865833333333        7.20999000000000      -9.897425364261657E-002
   6.30899125000000       2.000000000000000E-003 -0.233471953675781     
   6.30899125000000       0.302332916666667      -0.237777649162401     
   6.30899125000000       0.602665833333333      -0.238853843941391     
   6.30899125000000       0.902998750000000      -0.242255573067590     
   6.30899125000000        1.20333166666667      -0.244988844836568     
   6.30899125000000        1.50366458333333      -0.245783182845412     
   6.30899125000000        1.80399750000000      -0.244926960665780     
   6.30899125000000        2.10433041666667      -0.243187254363347     
   6.30899125000000        2.40466333333333      -0.240208980038287     
   6.30899125000000        2.70499625000000      -0.235348106493182     
   6.30899125000000        3.00532916666667      -0.227741867110475     
   6.30899125000000        3.30566208333333      -0.216926447466950     
   6.30899125000000        3.60599500000000      -0.204330097403800     
   6.30899125000000        3.90632791666667      -0.192048782465906     
   6.30899125000000        4.20666083333333      -0.180423635296827     
   6.30899125000000        4.50699375000000      -0.169246269267004     
   6.30899125000000        4.80732666666667      -0.158713426843268     
   6.30899125000000        5.10765958333333      -0.148929219268261     
   6.30899125000000        5.40799250000000      -0.139937381936538     
   6.30899125000000        5.70832541666667      -0.131799899644275     
   6.30899125000000        6.00865833333333      -0.124298742749695     
   6.30899125000000        6.30899125000000      -0.117238114463868     
   6.30899125000000        6.60932416666667      -0.110616487908091     
   6.30899125000000        6.90965708333333      -0.104594205608197     
   6.30899125000000        7.20999000000000      -9.819760338672841E-002
   6.60932416666667       2.000000000000000E-003 -0.234053955359887     
   6.60932416666667       0.302332916666667      -0.226696166558044     
   6.60932416666667       0.602665833333333      -0.222506524885184     
   6.60932416666667       0.902998750000000      -0.225407013696320     
   6.60932416666667        1.20333166666667      -0.226428823457940     
   6.60932416666667        1.50366458333333      -0.225174340433535     
   6.60932416666667        1.80399750000000      -0.222990717996424     
   6.60932416666667        2.10433041666667      -0.220836422656104     
   6.60932416666667        2.40466333333333      -0.218528074109322     
   6.60932416666667        2.70499625000000      -0.215344867525418     
   6.60932416666667        3.00532916666667      -0.209528026444204     
   6.60932416666667        3.30566208333333      -0.199804314565660     
   6.60932416666667        3.60599500000000      -0.188624628895829     
   6.60932416666667        3.90632791666667      -0.179462666631612     
   6.60932416666667        4.20666083333333      -0.170526128592572     
   6.60932416666667        4.50699375000000      -0.160421484516472     
   6.60932416666667        4.80732666666667      -0.150267078707977     
   6.60932416666667        5.10765958333333      -0.140922379440116     
   6.60932416666667        5.40799250000000      -0.132626373213870     
   6.60932416666667        5.70832541666667      -0.125552755975300     
   6.60932416666667        6.00865833333333      -0.119356792468704     
   6.60932416666667        6.30899125000000      -0.113589561011294     
   6.60932416666667        6.60932416666667      -0.107820402411362     
   6.60932416666667        6.90965708333333      -0.102432933559591     
   6.60932416666667        7.20999000000000      -9.715715466961723E-002
   6.90965708333333       2.000000000000000E-003 -0.219607430308473     
   6.90965708333333       0.302332916666667      -0.206842323135502     
   6.90965708333333       0.602665833333333      -0.208870195824938     
   6.90965708333333       0.902998750000000      -0.211448811973347     
   6.90965708333333        1.20333166666667      -0.209543912868766     
   6.90965708333333        1.50366458333333      -0.206109593367689     
   6.90965708333333        1.80399750000000      -0.202847451192003     
   6.90965708333333        2.10433041666667      -0.200580503525871     
   6.90965708333333        2.40466333333333      -0.199169002477548     
   6.90965708333333        2.70499625000000      -0.197990250720748     
   6.90965708333333        3.00532916666667      -0.195002744911542     
   6.90965708333333        3.30566208333333      -0.187757639453437     
   6.90965708333333        3.60599500000000      -0.178403550570915     
   6.90965708333333        3.90632791666667      -0.172031154110498     
   6.90965708333333        4.20666083333333      -0.164196914106838     
   6.90965708333333        4.50699375000000      -0.153473429855493     
   6.90965708333333        4.80732666666667      -0.142557203454575     
   6.90965708333333        5.10765958333333      -0.133104755899899     
   6.90965708333333        5.40799250000000      -0.125305073711435     
   6.90965708333333        5.70832541666667      -0.119189124407419     
   6.90965708333333        6.00865833333333      -0.114356356755400     
   6.90965708333333        6.30899125000000      -0.110319858278563     
   6.90965708333333        6.60932416666667      -0.105970204683642     
   6.90965708333333        6.90965708333333      -0.100343450819019     
   6.90965708333333        7.20999000000000      -9.601813033750455E-002
   7.20999000000000       2.000000000000000E-003 -0.191480242061020     
   7.20999000000000       0.302332916666667      -0.203001985675128     
   7.20999000000000       0.602665833333333      -0.203771767238626     
   7.20999000000000       0.902998750000000      -0.198814314797712     
   7.20999000000000        1.20333166666667      -0.193243643843566     
   7.20999000000000        1.50366458333333      -0.188363425216069     
   7.20999000000000        1.80399750000000      -0.184528234531869     
   7.20999000000000        2.10433041666667      -0.182409747682405     
   7.20999000000000        2.40466333333333      -0.181759445064156     
   7.20999000000000        2.70499625000000      -0.182333447580439     
   7.20999000000000        3.00532916666667      -0.182345604907746     
   7.20999000000000        3.30566208333333      -0.178435937349990     
   7.20999000000000        3.60599500000000      -0.171478760384475     
   7.20999000000000        3.90632791666667      -0.165550101184609     
   7.20999000000000        4.20666083333333      -0.157544661253411     
   7.20999000000000        4.50699375000000      -0.146014788172316     
   7.20999000000000        4.80732666666667      -0.134631016326015     
   7.20999000000000        5.10765958333333      -0.125215777916498     
   7.20999000000000        5.40799250000000      -0.117959016396964     
   7.20999000000000        5.70832541666667      -0.112582835589901     
   7.20999000000000        6.00865833333333      -0.108871865126712     
   7.20999000000000        6.30899125000000      -0.106526896430891     
   7.20999000000000        6.60932416666667      -0.104646719691146     
   7.20999000000000        6.90965708333333      -0.100124941652563     
   7.20999000000000        7.20999000000000      -9.237224849534259E-002
