  2.000000000000000E-003  2.000000000000000E-003 -0.137165492601847     
  2.000000000000000E-003  0.302332916666667      -0.149229670785482     
  2.000000000000000E-003  0.602665833333333      -0.154296044372090     
  2.000000000000000E-003  0.902998750000000      -0.153757240027901     
  2.000000000000000E-003   1.20333166666667      -0.153320297586226     
  2.000000000000000E-003   1.50366458333333      -0.154435776988261     
  2.000000000000000E-003   1.80399750000000      -0.157635791700008     
  2.000000000000000E-003   2.10433041666667      -0.163164771418990     
  2.000000000000000E-003   2.40466333333333      -0.171049216947630     
  2.000000000000000E-003   2.70499625000000      -0.181086584710071     
  2.000000000000000E-003   3.00532916666667      -0.190221172224317     
  2.000000000000000E-003   3.30566208333333      -0.192545415602669     
  2.000000000000000E-003   3.60599500000000      -0.190127918480136     
  2.000000000000000E-003   3.90632791666667      -0.192518514341253     
  2.000000000000000E-003   4.20666083333333      -0.190177016618277     
  2.000000000000000E-003   4.50699375000000      -0.181049135313643     
  2.000000000000000E-003   4.80732666666667      -0.171024956486652     
  2.000000000000000E-003   5.10765958333333      -0.163149466115828     
  2.000000000000000E-003   5.40799250000000      -0.157621345507816     
  2.000000000000000E-003   5.70832541666667      -0.154420277923355     
  2.000000000000000E-003   6.00865833333333      -0.153305399881343     
  2.000000000000000E-003   6.30899125000000      -0.153740364829842     
  2.000000000000000E-003   6.60932416666667      -0.154282534631180     
  2.000000000000000E-003   6.90965708333333      -0.149209002719845     
  2.000000000000000E-003   7.20999000000000      -0.137122239559016     
  0.302332916666667       2.000000000000000E-003 -0.149224361162191     
  0.302332916666667       0.302332916666667      -0.148854921865926     
  0.302332916666667       0.602665833333333      -0.155933965897722     
  0.302332916666667       0.902998750000000      -0.160733518915107     
  0.302332916666667        1.20333166666667      -0.163364161873270     
  0.302332916666667        1.50366458333333      -0.166322836375640     
  0.302332916666667        1.80399750000000      -0.170682065844745     
  0.302332916666667        2.10433041666667      -0.176941097834060     
  0.302332916666667        2.40466333333333      -0.184793337243925     
  0.302332916666667        2.70499625000000      -0.193503694151152     
  0.302332916666667        3.00532916666667      -0.199709161569403     
  0.302332916666667        3.30566208333333      -0.198934961500289     
  0.302332916666667        3.60599500000000      -0.195293829985648     
  0.302332916666667        3.90632791666667      -0.198812870773783     
  0.302332916666667        4.20666083333333      -0.199580371022505     
  0.302332916666667        4.50699375000000      -0.193414895156246     
  0.302332916666667        4.80732666666667      -0.184745080265652     
  0.302332916666667        5.10765958333333      -0.176918224618005     
  0.302332916666667        5.40799250000000      -0.170671217341643     
  0.302332916666667        5.70832541666667      -0.166313934557344     
  0.302332916666667        6.00865833333333      -0.163350602954523     
  0.302332916666667        6.30899125000000      -0.160715228260933     
  0.302332916666667        6.60932416666667      -0.155917028851844     
  0.302332916666667        6.90965708333333      -0.148825505221723     
  0.302332916666667        7.20999000000000      -0.149204098424218     
  0.602665833333333       2.000000000000000E-003 -0.154263407013181     
  0.602665833333333       0.302332916666667      -0.155935089365303     
  0.602665833333333       0.602665833333333      -0.160224158264278     
  0.602665833333333       0.902998750000000      -0.167123275847585     
  0.602665833333333        1.20333166666667      -0.172992729892830     
  0.602665833333333        1.50366458333333      -0.178491651120605     
  0.602665833333333        1.80399750000000      -0.184670049311247     
  0.602665833333333        2.10433041666667      -0.192010036948398     
  0.602665833333333        2.40466333333333      -0.199910381946642     
  0.602665833333333        2.70499625000000      -0.207302271844023     
  0.602665833333333        3.00532916666667      -0.211412471036678     
  0.602665833333333        3.30566208333333      -0.210163313357975     
  0.602665833333333        3.60599500000000      -0.207887389688543     
  0.602665833333333        3.90632791666667      -0.210054203077668     
  0.602665833333333        4.20666083333333      -0.211282641059861     
  0.602665833333333        4.50699375000000      -0.207207461361212     
  0.602665833333333        4.80732666666667      -0.199859728486039     
  0.602665833333333        5.10765958333333      -0.191988001424782     
  0.602665833333333        5.40799250000000      -0.184664823833756     
  0.602665833333333        5.70832541666667      -0.178491263860513     
  0.602665833333333        6.00865833333333      -0.172986685987020     
  0.602665833333333        6.30899125000000      -0.167107533924823     
  0.602665833333333        6.60932416666667      -0.160199418443250     
  0.602665833333333        6.90965708333333      -0.155917699736263     
  0.602665833333333        7.20999000000000      -0.154251389373629     
  0.902998750000000       2.000000000000000E-003 -0.153736700387377     
  0.902998750000000       0.302332916666667      -0.160734763102632     
  0.902998750000000       0.602665833333333      -0.167124564281052     
  0.902998750000000       0.902998750000000      -0.175117311853641     
  0.902998750000000        1.20333166666667      -0.183270492224230     
  0.902998750000000        1.50366458333333      -0.191380841772816     
  0.902998750000000        1.80399750000000      -0.199875852815397     
  0.902998750000000        2.10433041666667      -0.208948089029897     
  0.902998750000000        2.40466333333333      -0.217945533667314     
  0.902998750000000        2.70499625000000      -0.225836495707877     
  0.902998750000000        3.00532916666667      -0.231030952334088     
  0.902998750000000        3.30566208333333      -0.232637762345423     
  0.902998750000000        3.60599500000000      -0.232535964610253     
  0.902998750000000        3.90632791666667      -0.232570708293621     
  0.902998750000000        4.20666083333333      -0.230943214458673     
  0.902998750000000        4.50699375000000      -0.225769314809709     
  0.902998750000000        4.80732666666667      -0.217908212709541     
  0.902998750000000        5.10765958333333      -0.208934625932540     
  0.902998750000000        5.40799250000000      -0.199878762557630     
  0.902998750000000        5.70832541666667      -0.191390069392005     
  0.902998750000000        6.00865833333333      -0.183275185052354     
  0.902998750000000        6.30899125000000      -0.175114855640947     
  0.902998750000000        6.60932416666667      -0.167108351588974     
  0.902998750000000        6.90965708333333      -0.160716187017879     
  0.902998750000000        7.20999000000000      -0.153723550053240     
   1.20333166666667       2.000000000000000E-003 -0.153328500276650     
   1.20333166666667       0.302332916666667      -0.163364308900594     
   1.20333166666667       0.602665833333333      -0.172993336193581     
   1.20333166666667       0.902998750000000      -0.183271015847743     
   1.20333166666667        1.20333166666667      -0.194041596147903     
   1.20333166666667        1.50366458333333      -0.204924757534834     
   1.20333166666667        1.80399750000000      -0.216201706863821     
   1.20333166666667        2.10433041666667      -0.227709597036000     
   1.20333166666667        2.40466333333333      -0.238774838967919     
   1.20333166666667        2.70499625000000      -0.248503449318657     
   1.20333166666667        3.00532916666667      -0.255873108476816     
   1.20333166666667        3.30566208333333      -0.260167270268447     
   1.20333166666667        3.60599500000000      -0.261483062155823     
   1.20333166666667        3.90632791666667      -0.260133365150967     
   1.20333166666667        4.20666083333333      -0.255827000783204     
   1.20333166666667        4.50699375000000      -0.248465889364700     
   1.20333166666667        4.80732666666667      -0.238755201815917     
   1.20333166666667        5.10765958333333      -0.227708215230886     
   1.20333166666667        5.40799250000000      -0.216213579787745     
   1.20333166666667        5.70832541666667      -0.204942572904163     
   1.20333166666667        6.00865833333333      -0.194060370681781     
   1.20333166666667        6.30899125000000      -0.183275136413972     
   1.20333166666667        6.60932416666667      -0.172986687271213     
   1.20333166666667        6.90965708333333      -0.163350829485053     
   1.20333166666667        7.20999000000000      -0.153324039337530     
   1.50366458333333       2.000000000000000E-003 -0.154511455940687     
   1.50366458333333       0.302332916666667      -0.166321983500684     
   1.50366458333333       0.602665833333333      -0.178491970899063     
   1.50366458333333       0.902998750000000      -0.191381630632372     
   1.50366458333333        1.20333166666667      -0.204925108557236     
   1.50366458333333        1.50366458333333      -0.218951281442556     
   1.50366458333333        1.80399750000000      -0.233363965634810     
   1.50366458333333        2.10433041666667      -0.247730635869972     
   1.50366458333333        2.40466333333333      -0.261396982924774     
   1.50366458333333        2.70499625000000      -0.273507106481029     
   1.50366458333333        3.00532916666667      -0.283063183163814     
   1.50366458333333        3.30566208333333      -0.289157777778713     
   1.50366458333333        3.60599500000000      -0.291237230665196     
   1.50366458333333        3.90632791666667      -0.289142171881761     
   1.50366458333333        4.20666083333333      -0.283041322216762     
   1.50366458333333        4.50699375000000      -0.273490535135835     
   1.50366458333333        4.80732666666667      -0.261393020959497     
   1.50366458333333        5.10765958333333      -0.247740250268420     
   1.50366458333333        5.40799250000000      -0.233382886684045     
   1.50366458333333        5.70832541666667      -0.218972898301591     
   1.50366458333333        6.00865833333333      -0.204942691691041     
   1.50366458333333        6.30899125000000      -0.191390127408049     
   1.50366458333333        6.60932416666667      -0.178491040605251     
   1.50366458333333        6.90965708333333      -0.166314191152475     
   1.50366458333333        7.20999000000000      -0.154518041421245     
   1.80399750000000       2.000000000000000E-003 -0.157673780144359     
   1.80399750000000       0.302332916666667      -0.170681226145310     
   1.80399750000000       0.602665833333333      -0.184669635320390     
   1.80399750000000       0.902998750000000      -0.199876495973395     
   1.80399750000000        1.20333166666667      -0.216202039028660     
   1.80399750000000        1.50366458333333      -0.233364052992038     
   1.80399750000000        1.80399750000000      -0.250901204575184     
   1.80399750000000        2.10433041666667      -0.268224972715396     
   1.80399750000000        2.40466333333333      -0.284624255493270     
   1.80399750000000        2.70499625000000      -0.299192841930521     
   1.80399750000000        3.00532916666667      -0.310819397091602     
   1.80399750000000        3.30566208333333      -0.318365182564931     
   1.80399750000000        3.60599500000000      -0.320980850019747     
   1.80399750000000        3.90632791666667      -0.318358852014827     
   1.80399750000000        4.20666083333333      -0.310811706264101     
   1.80399750000000        4.50699375000000      -0.299190364808814     
   1.80399750000000        4.80732666666667      -0.284631201413033     
   1.80399750000000        5.10765958333333      -0.268241027702435     
   1.80399750000000        5.40799250000000      -0.250921917534427     
   1.80399750000000        5.70832541666667      -0.233383119966947     
   1.80399750000000        6.00865833333333      -0.216214025442579     
   1.80399750000000        6.30899125000000      -0.199879288395057     
   1.80399750000000        6.60932416666667      -0.184664841774619     
   1.80399750000000        6.90965708333333      -0.170672810211961     
   1.80399750000000        7.20999000000000      -0.157670799294068     
   2.10433041666667       2.000000000000000E-003 -0.163167680509305     
   2.10433041666667       0.302332916666667      -0.176941090992293     
   2.10433041666667       0.602665833333333      -0.192009869670031     
   2.10433041666667       0.902998750000000      -0.208948276052533     
   2.10433041666667        1.20333166666667      -0.227709735048154     
   2.10433041666667        1.50366458333333      -0.247730673206558     
   2.10433041666667        1.80399750000000      -0.268224966092947     
   2.10433041666667        2.10433041666667      -0.288383193707988     
   2.10433041666667        2.40466333333333      -0.307373630268482     
   2.10433041666667        2.70499625000000      -0.324208757103155     
   2.10433041666667        3.00532916666667      -0.337660936821962     
   2.10433041666667        3.30566208333333      -0.346414290373554     
   2.10433041666667        3.60599500000000      -0.349455366950566     
   2.10433041666667        3.90632791666667      -0.346413450810893     
   2.10433041666667        4.20666083333333      -0.337661787593921     
   2.10433041666667        4.50699375000000      -0.324214541045361     
   2.10433041666667        4.80732666666667      -0.307385743572293     
   2.10433041666667        5.10765958333333      -0.288399778135702     
   2.10433041666667        5.40799250000000      -0.268241246731827     
   2.10433041666667        5.70832541666667      -0.247740759944531     
   2.10433041666667        6.00865833333333      -0.227709023631563     
   2.10433041666667        6.30899125000000      -0.208935746390390     
   2.10433041666667        6.60932416666667      -0.191989463018614     
   2.10433041666667        6.90965708333333      -0.176921207791440     
   2.10433041666667        7.20999000000000      -0.163157099133128     
   2.40466333333333       2.000000000000000E-003 -0.171048789640723     
   2.40466333333333       0.302332916666667      -0.184792967464778     
   2.40466333333333       0.602665833333333      -0.199910097936005     
   2.40466333333333       0.902998750000000      -0.217945408190219     
   2.40466333333333        1.20333166666667      -0.238774773301243     
   2.40466333333333        1.50366458333333      -0.261396920346959     
   2.40466333333333        1.80399750000000      -0.284624198047120     
   2.40466333333333        2.10433041666667      -0.307373596098284     
   2.40466333333333        2.40466333333333      -0.328659275138345     
   2.40466333333333        2.70499625000000      -0.347413430222264     
   2.40466333333333        3.00532916666667      -0.362342262039212     
   2.40466333333333        3.30566208333333      -0.372037020726435     
   2.40466333333333        3.60599500000000      -0.375401688896021     
   2.40466333333333        3.90632791666667      -0.372039140851450     
   2.40466333333333        4.20666083333333      -0.362347462122025     
   2.40466333333333        4.50699375000000      -0.347422532711764     
   2.40466333333333        4.80732666666667      -0.328671514596386     
   2.40466333333333        5.10765958333333      -0.307385902330495     
   2.40466333333333        5.40799250000000      -0.284631621546766     
   2.40466333333333        5.70832541666667      -0.261393780378930     
   2.40466333333333        6.00865833333333      -0.238756351644794     
   2.40466333333333        6.30899125000000      -0.217909815589500     
   2.40466333333333        6.60932416666667      -0.199861888303953     
   2.40466333333333        6.90965708333333      -0.184748113113563     
   2.40466333333333        7.20999000000000      -0.171029037922501     
   2.70499625000000       2.000000000000000E-003 -0.181085653595737     
   2.70499625000000       0.302332916666667      -0.193502961390641     
   2.70499625000000       0.602665833333333      -0.207301736927757     
   2.70499625000000       0.902998750000000      -0.225836153710591     
   2.70499625000000        1.20333166666667      -0.248503232315141     
   2.70499625000000        1.50366458333333      -0.273506951005709     
   2.70499625000000        1.80399750000000      -0.299192728504053     
   2.70499625000000        2.10433041666667      -0.324208685676992     
   2.70499625000000        2.40466333333333      -0.347413399640525     
   2.70499625000000        2.70499625000000      -0.367668659152114     
   2.70499625000000        3.00532916666667      -0.383684206762140     
   2.70499625000000        3.30566208333333      -0.394064789727250     
   2.70499625000000        3.60599500000000      -0.397671334308000     
   2.70499625000000        3.90632791666667      -0.394067966995570     
   2.70499625000000        4.20666083333333      -0.383690511551005     
   2.70499625000000        4.50699375000000      -0.367677415578450     
   2.70499625000000        4.80732666666667      -0.347422643542917     
   2.70499625000000        5.10765958333333      -0.324214810453378     
   2.70499625000000        5.40799250000000      -0.299190941833323     
   2.70499625000000        5.70832541666667      -0.273491476701232     
   2.70499625000000        6.00865833333333      -0.248467312022986     
   2.70499625000000        6.30899125000000      -0.225771277894147     
   2.70499625000000        6.60932416666667      -0.207210021329224     
   2.70499625000000        6.90965708333333      -0.193418112056451     
   2.70499625000000        7.20999000000000      -0.181053312245388     
   3.00532916666667       2.000000000000000E-003 -0.190220015893720     
   3.00532916666667       0.302332916666667      -0.199708249165452     
   3.00532916666667       0.602665833333333      -0.211411797951344     
   3.00532916666667       0.902998750000000      -0.231030484141947     
   3.00532916666667        1.20333166666667      -0.255872804464822     
   3.00532916666667        1.50366458333333      -0.283062972582301     
   3.00532916666667        1.80399750000000      -0.310819249010179     
   3.00532916666667        2.10433041666667      -0.337660843339093     
   3.00532916666667        2.40466333333333      -0.362342215589654     
   3.00532916666667        2.70499625000000      -0.383684192665838     
   3.00532916666667        3.00532916666667      -0.400465869317765     
   3.00532916666667        3.30566208333333      -0.411378766895862     
   3.00532916666667        3.60599500000000      -0.415198881243499     
   3.00532916666667        3.90632791666667      -0.411381591701996     
   3.00532916666667        4.20666083333333      -0.400471041258608     
   3.00532916666667        4.50699375000000      -0.383690540736668     
   3.00532916666667        4.80732666666667      -0.362347652739912     
   3.00532916666667        5.10765958333333      -0.337662124900820     
   3.00532916666667        5.40799250000000      -0.310812371904077     
   3.00532916666667        5.70832541666667      -0.283042416328852     
   3.00532916666667        6.00865833333333      -0.255828647014506     
   3.00532916666667        6.30899125000000      -0.230945541243350     
   3.00532916666667        6.60932416666667      -0.211285607496748     
   3.00532916666667        6.90965708333333      -0.199583989585284     
   3.00532916666667        7.20999000000000      -0.190181652800128     
   3.30566208333333       2.000000000000000E-003 -0.192544262616755     
   3.30566208333333       0.302332916666667      -0.198934075808703     
   3.30566208333333       0.602665833333333      -0.210162683668068     
   3.30566208333333       0.902998750000000      -0.232637318515226     
   3.30566208333333        1.20333166666667      -0.260166962878239     
   3.30566208333333        1.50366458333333      -0.289157563023430     
   3.30566208333333        1.80399750000000      -0.318365032373550     
   3.30566208333333        2.10433041666667      -0.346414197091605     
   3.30566208333333        2.40466333333333      -0.372036975341265     
   3.30566208333333        2.70499625000000      -0.394064776266393     
   3.30566208333333        3.00532916666667      -0.411378766757284     
   3.30566208333333        3.30566208333333      -0.422755421360154     
   3.30566208333333        3.60599500000000      -0.426797167714257     
   3.30566208333333        3.90632791666667      -0.422757110831550     
   3.30566208333333        4.20666083333333      -0.411381627474043     
   3.30566208333333        4.50699375000000      -0.394068105456618     
   3.30566208333333        4.80732666666667      -0.372039337951483     
   3.30566208333333        5.10765958333333      -0.346413848728922     
   3.30566208333333        5.40799250000000      -0.318359579627002     
   3.30566208333333        5.70832541666667      -0.289143370540165     
   3.30566208333333        6.00865833333333      -0.260135139302733     
   3.30566208333333        6.30899125000000      -0.232573255162158     
   3.30566208333333        6.60932416666667      -0.210057572758425     
   3.30566208333333        6.90965708333333      -0.198816907396305     
   3.30566208333333        7.20999000000000      -0.192523909309826     
   3.60599500000000       2.000000000000000E-003 -0.190126847751394     
   3.60599500000000       0.302332916666667      -0.195293079298523     
   3.60599500000000       0.602665833333333      -0.207886916950019     
   3.60599500000000       0.902998750000000      -0.232535643632751     
   3.60599500000000        1.20333166666667      -0.261482825971492     
   3.60599500000000        1.50366458333333      -0.291237054430438     
   3.60599500000000        1.80399750000000      -0.320980725595598     
   3.60599500000000        2.10433041666667      -0.349455291770852     
   3.60599500000000        2.40466333333333      -0.375401655506714     
   3.60599500000000        2.70499625000000      -0.397671328000688     
   3.60599500000000        3.00532916666667      -0.415198885025898     
   3.60599500000000        3.30566208333333      -0.426797170165923     
   3.60599500000000        3.60599500000000      -0.430957583737955     
   3.60599500000000        3.90632791666667      -0.426797207113162     
   3.60599500000000        4.20666083333333      -0.415198926313851     
   3.60599500000000        4.50699375000000      -0.397671462480246     
   3.60599500000000        4.80732666666667      -0.375401969515676     
   3.60599500000000        5.10765958333333      -0.349455852148660     
   3.60599500000000        5.40799250000000      -0.320981641605521     
   3.60599500000000        5.70832541666667      -0.291238431399070     
   3.60599500000000        6.00865833333333      -0.261484851462457     
   3.60599500000000        6.30899125000000      -0.232538426531770     
   3.60599500000000        6.60932416666667      -0.207890634612778     
   3.60599500000000        6.90965708333333      -0.195297704744514     
   3.60599500000000        7.20999000000000      -0.190133529691004     
   3.90632791666667       2.000000000000000E-003 -0.192517554078493     
   3.90632791666667       0.302332916666667      -0.198812267152812     
   3.90632791666667       0.602665833333333      -0.210053867827356     
   3.90632791666667       0.902998750000000      -0.232570505139742     
   3.90632791666667        1.20333166666667      -0.260133211930229     
   3.90632791666667        1.50366458333333      -0.289142049508325     
   3.90632791666667        1.80399750000000      -0.318358765402166     
   3.90632791666667        2.10433041666667      -0.346413400398143     
   3.90632791666667        2.40466333333333      -0.372039120763369     
   3.90632791666667        2.70499625000000      -0.394067964987281     
   3.90632791666667        3.00532916666667      -0.411381593989967     
   3.90632791666667        3.30566208333333      -0.422757108870774     
   3.90632791666667        3.60599500000000      -0.426797201741483     
   3.90632791666667        3.90632791666667      -0.422755508325706     
   3.90632791666667        4.20666083333333      -0.411378861230754     
   3.90632791666667        4.50699375000000      -0.394064968995872     
   3.90632791666667        4.80732666666667      -0.372037305216819     
   3.90632791666667        5.10765958333333      -0.346414784407917     
   3.90632791666667        5.40799250000000      -0.318365951304353     
   3.90632791666667        5.70832541666667      -0.289158976527123     
   3.90632791666667        6.00865833333333      -0.260168899677493     
   3.90632791666667        6.30899125000000      -0.232639935302037     
   3.90632791666667        6.60932416666667      -0.210166027256422     
   3.90632791666667        6.90965708333333      -0.198938326360905     
   3.90632791666667        7.20999000000000      -0.192550426469252     
   4.20666083333333       2.000000000000000E-003 -0.190176185448734     
   4.20666083333333       0.302332916666667      -0.199579851830445     
   4.20666083333333       0.602665833333333      -0.211282363393441     
   4.20666083333333       0.902998750000000      -0.230943064055535     
   4.20666083333333        1.20333166666667      -0.255826892618647     
   4.20666083333333        1.50366458333333      -0.283041241179733     
   4.20666083333333        1.80399750000000      -0.310811651598872     
   4.20666083333333        2.10433041666667      -0.337661756588864     
   4.20666083333333        2.40466333333333      -0.362347448431528     
   4.20666083333333        2.70499625000000      -0.383690505191879     
   4.20666083333333        3.00532916666667      -0.400471032179422     
   4.20666083333333        3.30566208333333      -0.411381610715004     
   4.20666083333333        3.60599500000000      -0.415198904829224     
   4.20666083333333        3.90632791666667      -0.411378844710225     
   4.20666083333333        4.20666083333333      -0.400465989305434     
   4.20666083333333        4.50699375000000      -0.383684443665643     
   4.20666083333333        4.80732666666667      -0.362342629514824     
   4.20666083333333        5.10765958333333      -0.337661470106412     
   4.20666083333333        5.40799250000000      -0.310820204425209     
   4.20666083333333        5.70832541666667      -0.283064309567961     
   4.20666083333333        6.00865833333333      -0.255874645968407     
   4.20666083333333        6.30899125000000      -0.231032929902158     
   4.20666083333333        6.60932416666667      -0.211414923031769     
   4.20666083333333        6.90965708333333      -0.199712431347720     
   4.20666083333333        7.20999000000000      -0.190225946130752     
   4.50699375000000       2.000000000000000E-003 -0.181048557927617     
   4.50699375000000       0.302332916666667      -0.193414508959870     
   4.50699375000000       0.602665833333333      -0.207207211667915     
   4.50699375000000       0.902998750000000      -0.225769155315572     
   4.50699375000000        1.20333166666667      -0.248465783364046     
   4.50699375000000        1.50366458333333      -0.273490467380247     
   4.50699375000000        1.80399750000000      -0.299190323301050     
   4.50699375000000        2.10433041666667      -0.324214515644921     
   4.50699375000000        2.40466333333333      -0.347422514089292     
   4.50699375000000        2.70499625000000      -0.367677394929190     
   4.50699375000000        3.00532916666667      -0.383690511437235     
   4.50699375000000        3.30566208333333      -0.394068065786900     
   4.50699375000000        3.60599500000000      -0.397671417264305     
   4.50699375000000        3.90632791666667      -0.394064928040954     
   4.50699375000000        4.20666083333333      -0.383684418342980     
   4.50699375000000        4.50699375000000      -0.367668963048185     
   4.50699375000000        4.80732666666667      -0.347413910475832     
   4.50699375000000        5.10765958333333      -0.324209369746472     
   4.50699375000000        5.40799250000000      -0.299193665200457     
   4.50699375000000        5.70832541666667      -0.273508199566965     
   4.50699375000000        6.00865833333333      -0.248504920134473     
   4.50699375000000        6.30899125000000      -0.225838378811781     
   4.50699375000000        6.60932416666667      -0.207304676342128     
   4.50699375000000        6.90965708333333      -0.193506909256720     
   4.50699375000000        7.20999000000000      -0.181090966465734     
   4.80732666666667       2.000000000000000E-003 -0.171025043029476     
   4.80732666666667       0.302332916666667      -0.184744998797582     
   4.80732666666667       0.602665833333333      -0.199859469068372     
   4.80732666666667       0.902998750000000      -0.217907988528511     
   4.80732666666667        1.20333166666667      -0.238755054635617     
   4.80732666666667        1.50366458333333      -0.261392933066244     
   4.80732666666667        1.80399750000000      -0.284631149372725     
   4.80732666666667        2.10433041666667      -0.307385707084620     
   4.80732666666667        2.40466333333333      -0.328671479263348     
   4.80732666666667        2.70499625000000      -0.347422600490566     
   4.80732666666667        3.00532916666667      -0.362347597710782     
   4.80732666666667        3.30566208333333      -0.372039271569821     
   4.80732666666667        3.60599500000000      -0.375401897584928     
   4.80732666666667        3.90632791666667      -0.372037237067878     
   4.80732666666667        4.20666083333333      -0.362342574814146     
   4.80732666666667        4.50699375000000      -0.347413878212796     
   4.80732666666667        4.80732666666667      -0.328659868281826     
   4.80732666666667        5.10765958333333      -0.307374294200400     
   4.80732666666667        5.40799250000000      -0.284625119858533     
   4.80732666666667        5.70832541666667      -0.261398086334435     
   4.80732666666667        6.00865833333333      -0.238776286464061     
   4.80732666666667        6.30899125000000      -0.217947362433487     
   4.80732666666667        6.60932416666667      -0.199912650811199     
   4.80732666666667        6.90965708333333      -0.184796338695512     
   4.80732666666667        7.20999000000000      -0.171053148582112     
   5.10765958333333       2.000000000000000E-003 -0.163153924272449     
   5.10765958333333       0.302332916666667      -0.176918624406332     
   5.10765958333333       0.602665833333333      -0.191987446795938     
   5.10765958333333       0.902998750000000      -0.208934241325057     
   5.10765958333333        1.20333166666667      -0.227707981977702     
   5.10765958333333        1.50366458333333      -0.247740114190111     
   5.10765958333333        1.80399750000000      -0.268240947106051     
   5.10765958333333        2.10433041666667      -0.288399718165051     
   5.10765958333333        2.40466333333333      -0.307385841905144     
   5.10765958333333        2.70499625000000      -0.324214739875655     
   5.10765958333333        3.00532916666667      -0.337662040757177     
   5.10765958333333        3.30566208333333      -0.346413752106283     
   5.10765958333333        3.60599500000000      -0.349455750345083     
   5.10765958333333        3.90632791666667      -0.346414688185725     
   5.10765958333333        4.20666083333333      -0.337661385995486     
   5.10765958333333        4.50699375000000      -0.324209301362524     
   5.10765958333333        4.80732666666667      -0.307374250460599     
   5.10765958333333        5.10765958333333      -0.288383910476578     
   5.10765958333333        5.40799250000000      -0.268225819373401     
   5.10765958333333        5.70832541666667      -0.247731730572145     
   5.10765958333333        6.00865833333333      -0.227711006308017     
   5.10765958333333        6.30899125000000      -0.208949872606962     
   5.10765958333333        6.60932416666667      -0.192011916579880     
   5.10765958333333        6.90965708333333      -0.176943707945470     
   5.10765958333333        7.20999000000000      -0.163170912205221     
   5.40799250000000       2.000000000000000E-003 -0.157668438973284     
   5.40799250000000       0.302332916666667      -0.170670779115992     
   5.40799250000000       0.602665833333333      -0.184663214068562     
   5.40799250000000       0.902998750000000      -0.199878090580227     
   5.40799250000000        1.20333166666667      -0.216213232203096     
   5.40799250000000        1.50366458333333      -0.233382699663443     
   5.40799250000000        1.80399750000000      -0.250921810464630     
   5.40799250000000        2.10433041666667      -0.268241163145313     
   5.40799250000000        2.40466333333333      -0.284631535071874     
   5.40799250000000        2.70499625000000      -0.299190843250445     
   5.40799250000000        3.00532916666667      -0.310812255273159     
   5.40799250000000        3.30566208333333      -0.318359439743838     
   5.40799250000000        3.60599500000000      -0.320981490778256     
   5.40799250000000        3.90632791666667      -0.318365819474712     
   5.40799250000000        4.20666083333333      -0.310820094994237     
   5.40799250000000        4.50699375000000      -0.299193561789704     
   5.40799250000000        4.80732666666667      -0.284625020359879     
   5.40799250000000        5.10765958333333      -0.268225745134267     
   5.40799250000000        5.40799250000000      -0.250901998428966     
   5.40799250000000        5.70832541666667      -0.233364979319464     
   5.40799250000000        6.00865833333333      -0.216203077661302     
   5.40799250000000        6.30899125000000      -0.199877729820678     
   5.40799250000000        6.60932416666667      -0.184671146154909     
   5.40799250000000        6.90965708333333      -0.170683060391481     
   5.40799250000000        7.20999000000000      -0.157675929958156     
   5.70832541666667       2.000000000000000E-003 -0.154516470841733     
   5.70832541666667       0.302332916666667      -0.166312717337863     
   5.70832541666667       0.602665833333333      -0.178489817381425     
   5.70832541666667       0.902998750000000      -0.191389227622267     
   5.70832541666667        1.20333166666667      -0.204942160086966     
   5.70832541666667        1.50366458333333      -0.218972714374972     
   5.70832541666667        1.80399750000000      -0.233383020841020     
   5.70832541666667        2.10433041666667      -0.247740668674589     
   5.70832541666667        2.40466333333333      -0.261393678033618     
   5.70832541666667        2.70499625000000      -0.273491360375861     
   5.70832541666667        3.00532916666667      -0.283042268105492     
   5.70832541666667        3.30566208333333      -0.289143144273010     
   5.70832541666667        3.60599500000000      -0.291238130006920     
   5.70832541666667        3.90632791666667      -0.289158776444227     
   5.70832541666667        4.20666083333333      -0.283064196515069     
   5.70832541666667        4.50699375000000      -0.273508076859808     
   5.70832541666667        4.80732666666667      -0.261397924568486     
   5.70832541666667        5.10765958333333      -0.247731539657707     
   5.70832541666667        5.40799250000000      -0.233364817409590     
   5.70832541666667        5.70832541666667      -0.218952080258145     
   5.70832541666667        6.00865833333333      -0.204925913784158     
   5.70832541666667        6.30899125000000      -0.191382503823623     
   5.70832541666667        6.60932416666667      -0.178492949897652     
   5.70832541666667        6.90965708333333      -0.166323053740958     
   5.70832541666667        7.20999000000000      -0.154512626262173     
   6.00865833333333       2.000000000000000E-003 -0.153323181913773     
   6.00865833333333       0.302332916666667      -0.163349909580788     
   6.00865833333333       0.602665833333333      -0.172985884854180     
   6.00865833333333       0.902998750000000      -0.183274549791599     
   6.00865833333333        1.20333166666667      -0.194060075272507     
   6.00865833333333        1.50366458333333      -0.204942635683489     
   6.00865833333333        1.80399750000000      -0.216213995461280     
   6.00865833333333        2.10433041666667      -0.227708949128704     
   6.00865833333333        2.40466333333333      -0.238756255581014     
   6.00865833333333        2.70499625000000      -0.248467239032990     
   6.00865833333333        3.00532916666667      -0.255828448600707     
   6.00865833333333        3.30566208333333      -0.260134931810087     
   6.00865833333333        3.60599500000000      -0.261484354775003     
   6.00865833333333        3.90632791666667      -0.260168702110264     
   6.00865833333333        4.20666083333333      -0.255874560410596     
   6.00865833333333        4.50699375000000      -0.248504848143719     
   6.00865833333333        4.80732666666667      -0.238776079244837     
   6.00865833333333        5.10765958333333      -0.227710651101514     
   6.00865833333333        5.40799250000000      -0.216202604616149     
   6.00865833333333        5.70832541666667      -0.204925492492801     
   6.00865833333333        6.00865833333333      -0.194042285845972     
   6.00865833333333        6.30899125000000      -0.183271580596085     
   6.00865833333333        6.60932416666667      -0.172993829214549     
   6.00865833333333        6.90965708333333      -0.163364676607307     
   6.00865833333333        7.20999000000000      -0.153328724558923     
   6.30899125000000       2.000000000000000E-003 -0.153723215675859     
   6.30899125000000       0.302332916666667      -0.160715826259778     
   6.30899125000000       0.602665833333333      -0.167107933126658     
   6.30899125000000       0.902998750000000      -0.175114527668349     
   6.30899125000000        1.20333166666667      -0.183275143243403     
   6.30899125000000        1.50366458333333      -0.191390395772788     
   6.30899125000000        1.80399750000000      -0.199879474602075     
   6.30899125000000        2.10433041666667      -0.208935726108784     
   6.30899125000000        2.40466333333333      -0.217909698808021     
   6.30899125000000        2.70499625000000      -0.225774172074529     
   6.30899125000000        3.00532916666667      -0.230946384336818     
   6.30899125000000        3.30566208333333      -0.232575407483486     
   6.30899125000000        3.60599500000000      -0.232482096608351     
   6.30899125000000        3.90632791666667      -0.232642249218219     
   6.30899125000000        4.20666083333333      -0.231033877419426     
   6.30899125000000        4.50699375000000      -0.225841238315243     
   6.30899125000000        4.80732666666667      -0.217947141904387     
   6.30899125000000        5.10765958333333      -0.208949403293910     
   6.30899125000000        5.40799250000000      -0.199876881060792     
   6.30899125000000        5.70832541666667      -0.191381580320167     
   6.30899125000000        6.00865833333333      -0.183271001944906     
   6.30899125000000        6.30899125000000      -0.175117628328284     
   6.30899125000000        6.60932416666667      -0.167124686075464     
   6.30899125000000        6.90965708333333      -0.160734574475258     
   6.30899125000000        7.20999000000000      -0.153736262894313     
   6.60932416666667       2.000000000000000E-003 -0.154251486639892     
   6.60932416666667       0.302332916666667      -0.155917848970692     
   6.60932416666667       0.602665833333333      -0.160199136986994     
   6.60932416666667       0.902998750000000      -0.167107324296938     
   6.60932416666667        1.20333166666667      -0.172986814232621     
   6.60932416666667        1.50366458333333      -0.178491821751049     
   6.60932416666667        1.80399750000000      -0.184665851151630     
   6.60932416666667        2.10433041666667      -0.191989497497278     
   6.60932416666667        2.40466333333333      -0.199861708870661     
   6.60932416666667        2.70499625000000      -0.207208605799423     
   6.60932416666667        3.00532916666667      -0.211272885393940     
   6.60932416666667        3.30566208333333      -0.210059124554228     
   6.60932416666667        3.60599500000000      -0.207820328229636     
   6.60932416666667        3.90632791666667      -0.210167853337886     
   6.60932416666667        4.20666083333333      -0.211400076998130     
   6.60932416666667        4.50699375000000      -0.207303678553044     
   6.60932416666667        4.80732666666667      -0.199912495332923     
   6.60932416666667        5.10765958333333      -0.192011719472401     
   6.60932416666667        5.40799250000000      -0.184671291359216     
   6.60932416666667        5.70832541666667      -0.178492452272261     
   6.60932416666667        6.00865833333333      -0.172993143073238     
   6.60932416666667        6.30899125000000      -0.167123377693748     
   6.60932416666667        6.60932416666667      -0.160223979990550     
   6.60932416666667        6.90965708333333      -0.155934530025086     
   6.60932416666667        7.20999000000000      -0.154262562836900     
   6.90965708333333       2.000000000000000E-003 -0.149204556185576     
   6.90965708333333       0.302332916666667      -0.148825287801022     
   6.90965708333333       0.602665833333333      -0.155916329283874     
   6.90965708333333       0.902998750000000      -0.160714954406559     
   6.90965708333333        1.20333166666667      -0.163350819651244     
   6.90965708333333        1.50366458333333      -0.166314686159722     
   6.90965708333333        1.80399750000000      -0.170672570713279     
   6.90965708333333        2.10433041666667      -0.176920152158229     
   6.90965708333333        2.40466333333333      -0.184745851446205     
   6.90965708333333        2.70499625000000      -0.193414536634289     
   6.90965708333333        3.00532916666667      -0.199583261251187     
   6.90965708333333        3.30566208333333      -0.198803012633213     
   6.90965708333333        3.60599500000000      -0.195256619813467     
   6.90965708333333        3.90632791666667      -0.198922704965576     
   6.90965708333333        4.20666083333333      -0.199712069584383     
   6.90965708333333        4.50699375000000      -0.193503834773011     
   6.90965708333333        4.80732666666667      -0.184794669270417     
   6.90965708333333        5.10765958333333      -0.176943255231801     
   6.90965708333333        5.40799250000000      -0.170683590057202     
   6.90965708333333        5.70832541666667      -0.166323707057462     
   6.90965708333333        6.00865833333333      -0.163364439814497     
   6.90965708333333        6.30899125000000      -0.160733292953007     
   6.90965708333333        6.60932416666667      -0.155933370807296     
   6.90965708333333        6.90965708333333      -0.148854052708422     
   6.90965708333333        7.20999000000000      -0.149223617471233     
   7.20999000000000       2.000000000000000E-003 -0.137122290724590     
   7.20999000000000       0.302332916666667      -0.149208136840784     
   7.20999000000000       0.602665833333333      -0.154281827595583     
   7.20999000000000       0.902998750000000      -0.153740032866041     
   7.20999000000000        1.20333166666667      -0.153305649124791     
   7.20999000000000        1.50366458333333      -0.154421334712575     
   7.20999000000000        1.80399750000000      -0.157623026064967     
   7.20999000000000        2.10433041666667      -0.163152308220227     
   7.20999000000000        2.40466333333333      -0.171059735705590     
   7.20999000000000        2.70499625000000      -0.181118517466072     
   7.20999000000000        3.00532916666667      -0.190252094959375     
   7.20999000000000        3.30566208333333      -0.192551830939229     
   7.20999000000000        3.60599500000000      -0.190133468991059     
   7.20999000000000        3.90632791666667      -0.192578238021536     
   7.20999000000000        4.20666083333333      -0.190294179037256     
   7.20999000000000        4.50699375000000      -0.181153100737373     
   7.20999000000000        4.80732666666667      -0.171081725264751     
   7.20999000000000        5.10765958333333      -0.163167814797053     
   7.20999000000000        5.40799250000000      -0.157637626595350     
   7.20999000000000        5.70832541666667      -0.154437113491403     
   7.20999000000000        6.00865833333333      -0.153320440127640     
   7.20999000000000        6.30899125000000      -0.153756758104182     
   7.20999000000000        6.60932416666667      -0.154295094038213     
   7.20999000000000        6.90965708333333      -0.149228858163795     
   7.20999000000000        7.20999000000000      -0.137164443698339     
